 0.05  5.730e-01
 0.15  3.618e-01
 0.25  4.897e-01
 0.35  4.123e-01
 0.45  3.305e-01
 0.55  2.306e-01
 0.65  2.241e-01
 0.75  2.593e-01
 0.85  8.387e-02
 0.95  2.763e-02
 1.05  8.162e-02
 1.15 -1.719e-02
 1.25  9.168e-04
 1.35  1.344e-01
 1.45 -1.258e-02
 1.55  2.814e-02
 1.65  0.000e+00
 1.75  0.000e+00
 1.85  0.000e+00
 1.95  0.000e+00
 2.05  0.000e+00
 2.15  0.000e+00
 2.25  0.000e+00
 2.35  0.000e+00
 2.45  0.000e+00
 2.55  0.000e+00
 2.65  0.000e+00
 2.75  0.000e+00
 2.85  0.000e+00
 2.95  0.000e+00
