-173.57  3.748e-04  4.710e-05
-160.71  3.584e-04  4.301e-05
-147.86  3.830e-04 -8.397e-05
-135.00  3.236e-04 -2.867e-05
-122.14  4.833e-04  4.915e-05
-109.29  5.693e-04  6.963e-05
 -96.43  6.717e-04 -1.720e-04
 -83.57  1.030e-03  1.004e-04
 -70.71  1.243e-03 -1.290e-04
 -57.86  1.511e-03  3.277e-05
 -45.00  1.739e-03 -1.946e-04
 -32.14  2.218e-03 -1.024e-05
 -19.29  2.812e-03  2.048e-06
  -6.43  2.910e-03 -1.434e-05
   6.43  2.752e-03  2.867e-05
  19.29  2.752e-03 -1.597e-04
  32.14  2.249e-03 -2.867e-05
  45.00  2.177e-03  1.843e-05
  57.86  1.718e-03 -1.495e-04
  70.71  1.241e-03 -1.679e-04
  83.57  8.643e-04 -1.229e-04
  96.43  8.274e-04 -1.434e-04
 109.29  5.878e-04  7.578e-05
 122.14  5.407e-04  2.048e-05
 135.00  4.280e-04 -3.072e-05
 147.86  3.727e-04  3.686e-05
 160.71  3.912e-04  5.939e-05
 173.57  4.383e-04 -2.867e-05
