   0.05  2.556e-01  1.028e-02
   0.15  2.434e-01 -3.479e-03
   0.25  2.080e-01  1.556e-02
   0.35  2.071e-01 -2.344e-02
   0.45  1.726e-01  7.317e-03
   0.55  1.603e-01 -4.961e-03
   0.65  1.407e-01 -2.113e-02
   0.75  1.279e-01  2.061e-03
   0.85  1.020e-01 -1.102e-02
   0.95  1.106e-01 -1.366e-02
   1.05  7.758e-02  2.874e-03
   1.15  5.747e-02 -1.034e-02
   1.25  4.940e-02 -2.125e-02
   1.35  3.862e-02  2.017e-03
   1.45  4.830e-02 -5.112e-03
   1.55  3.012e-02  8.499e-04
   1.65  2.935e-02 -3.117e-03
   1.75  2.577e-02 -4.814e-03
   1.85  2.502e-02 -9.303e-03
   1.95  2.079e-02 -1.235e-03
   2.05  0.000e+00  0.000e+00
   2.15  0.000e+00  0.000e+00
   2.25  0.000e+00  0.000e+00
   2.35  0.000e+00  0.000e+00
   2.45  0.000e+00  0.000e+00
   2.55  0.000e+00  0.000e+00
   2.65  0.000e+00  0.000e+00
   2.75  0.000e+00  0.000e+00
   2.85  0.000e+00  0.000e+00
   2.95  0.000e+00  0.000e+00
   3.05  0.000e+00  0.000e+00
   3.15  0.000e+00  0.000e+00
   3.25  0.000e+00  0.000e+00
   3.35  0.000e+00  0.000e+00
   3.45  0.000e+00  0.000e+00
   3.55  0.000e+00  0.000e+00
   3.65  0.000e+00  0.000e+00
   3.75  0.000e+00  0.000e+00
   3.85  0.000e+00  0.000e+00
   3.95  0.000e+00  0.000e+00
   4.05  0.000e+00  0.000e+00
   4.15  0.000e+00  0.000e+00
   4.25  0.000e+00  0.000e+00
   4.35  0.000e+00  0.000e+00
   4.45  0.000e+00  0.000e+00
   4.55  0.000e+00  0.000e+00
   4.65  0.000e+00  0.000e+00
   4.75  0.000e+00  0.000e+00
   4.85  0.000e+00  0.000e+00
   4.95  0.000e+00  0.000e+00
