   5.00  1.614e-06  1.423e-03  1.984e-03  1.847e-03 -3.765e-06 -4.895e-05 -9.682e-05 -5.056e-05
  15.00  2.259e-05  1.288e-03  1.942e-03  1.786e-03  5.379e-06  3.819e-05 -5.325e-05 -1.119e-04
  25.00  5.002e-05  1.325e-03  1.903e-03  1.841e-03 -8.069e-06 -6.562e-05  3.980e-05 -1.173e-04
  35.00  1.151e-04  1.301e-03  2.050e-03  1.910e-03  6.455e-06  1.667e-05 -8.391e-05  5.540e-05
  45.00  1.463e-04  1.203e-03  1.842e-03  1.892e-03 -3.120e-05 -6.132e-05 -1.183e-04 -8.499e-05
  55.00  2.103e-04  1.223e-03  1.752e-03  1.773e-03 -1.237e-05 -9.521e-05 -2.055e-04 -1.140e-04
  65.00  3.410e-04  1.186e-03  1.749e-03  1.627e-03 -1.076e-05 -6.025e-05  1.721e-05 -5.917e-05
  75.00  3.749e-04  1.148e-03  1.820e-03  1.581e-03 -1.022e-05  1.506e-05 -6.240e-05 -6.670e-05
  85.00  4.465e-04  1.061e-03  1.464e-03  1.592e-03  5.379e-06 -4.357e-05 -4.626e-05 -4.303e-05
  95.00  4.927e-04  1.161e-03  1.499e-03  1.464e-03 -1.829e-05 -1.076e-05 -8.069e-05 -1.296e-04
 105.00  6.137e-04  9.903e-04  1.532e-03  1.396e-03 -2.098e-05 -6.078e-05 -9.467e-05  1.893e-04
 115.00  6.315e-04  9.096e-04  1.348e-03  1.233e-03 -1.399e-05 -9.306e-05 -8.714e-05 -2.098e-05
 125.00  7.138e-04  8.719e-04  1.345e-03  1.064e-03 -2.690e-06  2.690e-06 -1.420e-04 -1.291e-04
 135.00  6.901e-04  9.134e-04  1.162e-03  9.569e-04 -1.070e-04 -2.152e-05  1.506e-05 -4.680e-05
 145.00  6.600e-04  8.149e-04  1.127e-03  1.046e-03 -8.875e-05 -6.186e-05 -1.506e-05 -6.078e-05
 155.00  7.972e-04  7.176e-04  1.042e-03  9.817e-04  3.873e-05  7.531e-06 -1.151e-04 -7.047e-05
 165.00  8.693e-04  7.644e-04  8.929e-04  9.741e-04 -6.562e-05 -7.477e-05  1.076e-04  6.616e-05
 175.00  7.606e-04  6.100e-04  9.327e-04  9.166e-04  5.594e-05 -2.905e-05 -5.487e-05  1.076e-06
 185.00  8.531e-04  6.336e-04  7.907e-04  8.085e-04  6.025e-05 -3.980e-05  1.614e-05 -8.337e-05
 195.00  8.359e-04  5.600e-04  7.735e-04  7.466e-04  6.455e-06 -4.841e-06 -3.550e-05 -1.291e-05
 205.00  7.826e-04  5.298e-04  6.240e-04  7.950e-04 -2.098e-05 -5.379e-07  2.582e-05 -1.076e-06
 215.00  7.972e-04  5.185e-04  5.809e-04  5.960e-04 -4.196e-05 -2.152e-06  2.152e-06 -2.474e-05
 225.00  7.165e-04  4.986e-04  6.100e-04  5.782e-04  3.120e-05 -4.142e-05  1.076e-06 -1.237e-05
 235.00  7.289e-04  5.051e-04  6.186e-04  5.309e-04 -5.648e-05 -1.990e-05 -4.411e-05  1.130e-05
 245.00  6.982e-04  4.438e-04  5.304e-04  5.191e-04 -6.455e-06 -5.540e-05 -9.575e-05  3.066e-05
 255.00  7.627e-04  4.110e-04  4.691e-04  4.228e-04 -1.614e-05 -2.044e-05 -3.873e-05 -7.423e-05
 265.00  6.638e-04  3.749e-04  4.271e-04  4.083e-04 -8.069e-05 -3.066e-05  3.335e-05 -8.069e-06
 275.00  6.498e-04  3.340e-04  4.034e-04  3.690e-04 -3.765e-05  5.917e-06 -1.076e-06 -1.076e-06
 285.00  6.552e-04  3.034e-04  4.325e-04  3.615e-04  4.734e-05 -3.227e-05  4.518e-05  0.000e+00
 295.00  6.186e-04  3.141e-04  3.174e-04  3.109e-04  8.606e-06  2.152e-06  3.550e-05 -5.271e-05
 305.00  6.347e-04  2.792e-04  2.808e-04  3.055e-04  0.000e+00  1.990e-05 -2.905e-05 -6.670e-05
 315.00  5.444e-04  2.781e-04  2.517e-04  2.754e-04 -4.518e-05 -5.110e-05 -6.455e-06 -3.012e-05
 325.00  5.514e-04  2.792e-04  2.765e-04  3.045e-04 -7.584e-05 -2.743e-05 -3.120e-05 -1.829e-05
 335.00  4.717e-04  2.899e-04  2.388e-04  2.431e-04 -6.293e-05 -3.174e-05  8.606e-06  0.000e+00
 345.00  4.895e-04  2.641e-04  2.184e-04  2.733e-04 -1.399e-05  1.614e-06 -3.227e-06 -3.227e-05
 355.00  4.863e-04  2.367e-04  2.066e-04  1.985e-04 -2.152e-05 -1.291e-05 -7.746e-05 -3.765e-06
 365.00  4.454e-04  2.313e-04  1.807e-04  1.990e-04  2.152e-06 -2.582e-05 -5.379e-05 -2.474e-05
 375.00  4.513e-04  1.807e-04  1.581e-04  2.109e-04 -3.389e-05 -3.227e-06 -4.411e-05  4.303e-06
 385.00  4.986e-04  1.598e-04  1.119e-04  1.764e-04 -6.993e-06 -9.144e-06 -4.303e-06 -2.797e-05
 395.00  4.056e-04  1.872e-04  1.291e-04  2.044e-04 -6.885e-05 -2.152e-05 -6.455e-06 -2.367e-05
 405.00  3.755e-04  1.915e-04  9.575e-05  1.323e-04  3.765e-05 -2.474e-05  5.379e-06  1.399e-05
 415.00  3.755e-04  1.560e-04  1.000e-04  1.840e-04 -3.335e-05 -1.076e-05 -1.399e-05 -6.993e-05
 425.00  3.674e-04  1.646e-04  1.140e-04  1.624e-04 -6.509e-05 -7.531e-06 -3.658e-05 -4.841e-05
 435.00  3.335e-04  1.560e-04  8.069e-05  1.474e-04 -5.594e-05  1.076e-06 -2.044e-05 -3.765e-05
 445.00  2.808e-04  1.834e-04  1.130e-04  1.194e-04 -7.531e-06 -1.022e-05 -3.227e-06 -3.980e-05
 455.00  3.265e-04  1.404e-04  1.065e-04  1.291e-04 -3.389e-05 -5.917e-06 -7.531e-06 -2.152e-06
 465.00  3.383e-04  1.388e-04  1.076e-04  7.746e-05 -1.775e-05 -1.076e-06  1.506e-05  2.152e-06
 475.00  3.088e-04  1.415e-04  7.853e-05  1.183e-04  1.183e-05 -9.144e-06 -1.614e-05  1.936e-05
 485.00  2.566e-04  1.592e-04  6.240e-05  8.176e-05 -6.401e-05 -2.152e-06  0.000e+00 -1.076e-05
 495.00  2.964e-04  1.571e-04  5.379e-05  8.499e-05 -1.667e-05 -1.721e-05 -6.455e-06 -1.829e-05
 505.00  2.673e-04  1.248e-04  5.164e-05  9.360e-05 -4.841e-06 -1.936e-05 -1.506e-05 -5.379e-06
 515.00  2.577e-04  1.350e-04  4.411e-05  7.100e-05 -1.614e-06  1.560e-05 -7.531e-06 -1.936e-05
 525.00  2.464e-04  1.210e-04  6.885e-05  9.252e-05 -3.335e-05 -2.098e-05  0.000e+00  1.721e-05
 535.00  2.474e-04  1.124e-04  3.120e-05  5.809e-05 -1.829e-05 -1.022e-05  1.076e-06  6.455e-06
 545.00  2.394e-04  1.248e-04  3.443e-05  7.315e-05 -4.895e-05 -6.455e-06  8.606e-06  1.721e-05
 555.00  2.049e-04  1.060e-04  4.949e-05  6.240e-05  5.379e-07  1.614e-06  0.000e+00 -6.455e-06
 565.00  2.092e-04  1.065e-04  4.734e-05  6.240e-05  1.667e-05  2.152e-06 -1.291e-05 -1.721e-05
 575.00  1.899e-04  1.350e-04  3.443e-05  5.487e-05 -3.712e-05 -1.022e-05 -1.506e-05 -3.120e-05
 585.00  1.985e-04  9.951e-05  2.152e-05  5.487e-05 -1.775e-05 -3.712e-05 -2.152e-06  1.399e-05
 595.00  1.802e-04  1.189e-04  2.367e-05  4.196e-05 -1.990e-05 -5.379e-07  0.000e+00  1.076e-06
 605.00  1.996e-04  1.033e-04  2.690e-05  4.088e-05 -1.452e-05 -8.606e-06 -7.531e-06 -4.303e-06
 615.00  1.711e-04  1.060e-04  2.259e-05  2.797e-05  3.227e-06 -2.098e-05  1.614e-05 -3.227e-05
 625.00  1.861e-04  1.065e-04  1.614e-05  5.809e-05 -2.044e-05 -7.531e-06 -3.227e-06  6.455e-06
 635.00  1.737e-04  1.065e-04  2.474e-05  3.765e-05 -5.379e-07  6.455e-06  1.076e-06  1.076e-06
 645.00  1.544e-04  7.853e-05  2.152e-05  5.594e-05  5.379e-07 -9.682e-06 -6.455e-06 -1.076e-05
 655.00  1.619e-04  8.929e-05  2.044e-05  3.658e-05 -1.237e-05 -1.614e-05 -3.227e-06  2.152e-06
 665.00  1.662e-04  9.144e-05  9.682e-06  4.949e-05 -2.313e-05  1.183e-05  1.076e-06  1.936e-05
 675.00  1.409e-04  8.660e-05  1.614e-05  5.809e-05 -9.682e-06  2.421e-05  9.682e-06 -4.303e-06
 685.00  1.732e-04  1.065e-04  1.076e-05  3.765e-05  5.379e-06 -1.183e-05  2.152e-06 -1.076e-06
 695.00  1.555e-04  1.194e-04  1.614e-05  3.227e-05  1.130e-05 -2.152e-06  7.531e-06 -1.076e-05
 705.00  1.237e-04  1.065e-04  5.379e-06  1.076e-05  8.606e-06 -7.531e-06  1.076e-06  1.721e-05
 715.00  1.673e-04  9.951e-05  9.682e-06  2.474e-05 -2.421e-05 -9.144e-06 -1.076e-06  1.399e-05
 725.00  1.797e-04  8.445e-05  1.614e-05  1.829e-05 -1.183e-05  5.917e-06 -1.183e-05  3.227e-06
 735.00  1.312e-04  9.198e-05  5.379e-06  2.905e-05 -2.259e-05 -9.144e-06  1.076e-06  1.076e-06
 745.00  1.479e-04  6.831e-05  1.076e-05  2.905e-05  1.560e-05  4.841e-06  0.000e+00 -9.682e-06
 755.00  1.232e-04  5.971e-05  1.076e-05  1.614e-05  6.993e-06 -1.345e-05  0.000e+00  1.076e-06
 765.00  1.038e-04  6.778e-05  3.227e-06  1.076e-06  5.379e-07 -1.076e-06 -5.379e-06  3.227e-06
 775.00  1.124e-04  8.445e-05  6.455e-06  1.936e-05 -1.775e-05  1.560e-05 -6.455e-06  4.303e-06
 785.00  1.194e-04  7.907e-05  3.227e-06  2.690e-05 -7.531e-06 -1.560e-05  3.227e-06  3.227e-06
 795.00  1.044e-04  5.433e-05  2.152e-06  2.259e-05 -3.335e-05  2.690e-06  4.303e-06  5.379e-06
 805.00  1.076e-04  7.692e-05  9.682e-06  1.829e-05 -4.303e-06  1.614e-06  5.379e-06  5.379e-06
 815.00  1.167e-04  5.863e-05  3.227e-06  7.531e-06  3.604e-05 -3.765e-06  1.076e-06 -5.379e-06
 825.00  1.232e-04  7.423e-05  4.303e-06  1.399e-05 -1.667e-05 -4.303e-06  2.152e-06 -7.531e-06
 835.00  8.822e-05  8.553e-05 -2.152e-06  1.721e-05 -6.455e-06 -5.379e-07  4.303e-06 -2.152e-06
 845.00  1.167e-04  4.518e-05  5.379e-06 -2.152e-06  1.990e-05  5.379e-06  3.227e-06  4.303e-06
 855.00  7.047e-05  6.562e-05  1.076e-06  1.506e-05 -1.130e-05  8.606e-06  1.076e-06  6.455e-06
 865.00  7.961e-05  5.056e-05  4.303e-06  1.183e-05  3.120e-05  6.455e-06  2.152e-06 -5.379e-06
 875.00  8.822e-05  5.756e-05  4.303e-06  9.682e-06 -4.303e-06  8.069e-06  0.000e+00  3.227e-06
 885.00  8.606e-05  6.347e-05  2.152e-06  1.291e-05 -4.303e-06  6.455e-06  2.152e-06 -8.606e-06
 895.00  7.800e-05  4.518e-05  2.152e-06  7.531e-06 -3.765e-06 -1.183e-05  0.000e+00 -5.379e-06
 905.00  9.521e-05  7.531e-05  1.076e-06  9.682e-06  2.690e-06 -1.399e-05 -1.076e-06 -3.227e-06
 915.00  7.584e-05  5.863e-05  5.379e-06  2.152e-05  2.690e-06 -1.130e-05  1.076e-06 -6.455e-06
 925.00  6.993e-05  6.240e-05  0.000e+00  1.183e-05 -1.721e-05 -7.531e-06 -2.152e-06 -5.379e-06
 935.00  7.907e-05  4.841e-05  1.076e-06  1.291e-05 -3.765e-06  5.379e-06  1.076e-06  2.152e-06
 945.00  8.875e-05  4.680e-05  0.000e+00  6.455e-06 -1.614e-06  8.069e-06  0.000e+00 -2.152e-06
 955.00  5.917e-05  5.809e-05  3.227e-06  1.076e-05 -7.531e-06 -4.303e-06 -1.076e-06 -2.152e-06
 965.00  8.875e-05  6.616e-05  1.076e-06  6.455e-06 -1.775e-05  3.765e-06 -1.076e-06  4.303e-06
 975.00  6.025e-05  7.531e-05  1.076e-06  8.606e-06 -5.379e-06 -3.227e-06 -1.076e-06  4.303e-06
 985.00  8.284e-05  5.487e-05  2.152e-06  1.399e-05  2.044e-05  2.152e-06 -2.152e-06 -5.379e-06
 995.00  8.714e-05  6.132e-05  0.000e+00  1.183e-05 -3.227e-06 -2.152e-06  0.000e+00  1.076e-06
