 0.05  3.976e-01
 0.15  3.885e-01
 0.25  3.716e-01
 0.35  3.505e-01
 0.45  3.240e-01
 0.55  2.947e-01
 0.65  2.635e-01
 0.75  2.319e-01
 0.85  2.016e-01
 0.95  1.738e-01
 1.05  1.480e-01
 1.15  1.244e-01
 1.25  1.035e-01
 1.35  8.559e-02
 1.45  7.024e-02
 1.55  5.596e-02
 1.65  2.473e-02
 1.75  3.641e-03
 1.85  6.188e-05
 1.95  0.000e+00
 2.05  0.000e+00
 2.15  0.000e+00
 2.25  0.000e+00
 2.35  0.000e+00
 2.45  0.000e+00
 2.55  0.000e+00
 2.65  0.000e+00
 2.75  0.000e+00
 2.85  0.000e+00
 2.95  0.000e+00
