   5.00  2.727e-07  3.926e-05  4.963e-05  3.517e-05  2.727e-07 -1.581e-05  8.725e-06 -5.181e-06
  15.00  1.909e-06  5.399e-05  4.172e-05  9.162e-05  1.909e-06  1.363e-05 -2.999e-06 -5.453e-06
  25.00  2.999e-06  5.017e-05  6.926e-05  8.725e-05  4.090e-06 -2.727e-06 -2.836e-05  0.000e+00
  35.00  2.999e-06  5.917e-05  8.562e-05  7.198e-05  2.454e-06 -8.180e-07  4.090e-05 -4.035e-05
  45.00  3.272e-06  4.744e-05  6.162e-05  1.462e-04 -7.635e-06  1.091e-06  3.817e-06 -2.181e-06
  55.00  1.909e-05  7.062e-05  3.654e-05  9.925e-05  4.363e-06  1.445e-05 -5.072e-05  3.981e-05
  65.00  1.363e-06  4.826e-05  2.290e-05  4.581e-05 -1.609e-05  1.063e-05 -1.091e-06 -1.309e-05
  75.00  9.816e-06  4.554e-05  6.599e-05  2.727e-05 -1.091e-06  1.118e-05  3.654e-05  1.036e-05
  85.00  2.345e-05  3.517e-05  7.308e-05  1.936e-05 -1.091e-06  8.453e-06  2.945e-05  1.445e-05
  95.00  1.772e-05  3.436e-05  3.763e-05  7.308e-05 -2.999e-06 -1.363e-05  2.127e-05 -2.181e-06
 105.00  1.936e-05  2.754e-05  4.199e-05  4.744e-05  1.445e-05  1.500e-05  2.672e-05  7.089e-06
 115.00  1.854e-05  4.608e-05 -2.509e-05  1.254e-05  8.180e-06  6.817e-06  2.181e-06  5.072e-05
 125.00  1.254e-05  1.718e-05  7.580e-05  6.762e-05  1.036e-05  1.118e-05  1.472e-05  1.418e-05
 135.00 -4.908e-06  4.581e-05  2.018e-05  3.545e-05 -5.453e-06  1.636e-06  2.236e-05 -1.636e-06
 145.00  3.545e-06  2.972e-05  5.999e-05  4.090e-05  1.336e-05 -8.453e-06  1.636e-05 -1.691e-05
 155.00  1.691e-05  1.472e-05  5.944e-05  3.708e-05 -1.091e-06 -1.200e-05  2.127e-05 -2.181e-06
 165.00  2.781e-05  1.609e-05  3.817e-05  5.481e-05  9.816e-06 -8.180e-07 -1.091e-05  1.363e-06
 175.00  1.881e-05  1.254e-05  2.127e-05  2.236e-05  1.936e-05  2.727e-06 -5.453e-07 -3.327e-05
 185.00  3.245e-05  3.163e-05  4.799e-05  6.162e-05 -7.907e-06 -1.963e-05 -5.453e-06  1.636e-06
 195.00  2.536e-05  2.563e-05  2.236e-05  2.563e-05  1.936e-05 -5.999e-06 -5.453e-07  1.472e-05
 205.00  4.199e-05 -3.545e-06  2.781e-05 -5.453e-07 -2.072e-05  5.726e-06 -5.453e-07 -4.090e-05
 215.00  1.963e-05  2.727e-07  3.108e-05  2.290e-05 -2.727e-05 -1.172e-05  2.727e-06  2.290e-05
 225.00  2.345e-05  2.100e-05  5.890e-05  8.180e-06  1.691e-05  7.907e-06 -1.309e-05  1.691e-05
 235.00  2.999e-06  1.282e-05  3.217e-05  1.036e-05 -6.271e-06  1.445e-05  1.636e-06 -7.089e-06
 245.00  8.725e-06  9.543e-06 -1.091e-06  3.926e-05  5.999e-06  8.180e-07 -1.636e-05  1.963e-05
 255.00  2.236e-05  1.009e-05  2.236e-05  2.236e-05 -1.036e-05 -1.554e-05 -7.089e-06 -1.691e-05
 265.00  1.636e-06  8.180e-06  6.108e-05  3.327e-05  0.000e+00  5.453e-06 -3.272e-06  1.691e-05
 275.00  1.145e-05  1.745e-05  1.581e-05 -8.725e-06 -4.908e-06  8.180e-06  5.999e-06  6.544e-06
 285.00  1.472e-05  6.271e-06 -2.181e-06 -9.271e-06  5.999e-06  8.180e-07 -1.200e-05 -1.691e-05
 295.00  1.581e-05  1.091e-05  4.581e-05  2.781e-05 -1.581e-05  5.453e-07  2.072e-05 -2.727e-06
 305.00  1.254e-05  1.581e-05  6.871e-05  4.417e-05 -1.745e-05 -2.181e-06  1.200e-05  9.271e-06
 315.00  1.200e-05 -4.635e-06  3.817e-06  2.045e-05  9.271e-06  9.543e-06 -2.018e-05  2.536e-05
 325.00  1.990e-05  2.045e-05  4.963e-05 -5.999e-06  6.271e-06  8.998e-06 -1.036e-05 -1.691e-05
 335.00  2.127e-05  1.200e-05  1.963e-05  8.725e-06 -1.636e-06  7.089e-06 -1.636e-05  1.091e-05
 345.00  7.362e-06  1.772e-05  2.454e-05  3.108e-05 -3.545e-06  5.181e-06 -3.817e-06  9.816e-06
 355.00  1.772e-05  1.636e-05  1.036e-05  2.727e-05 -5.726e-06  1.091e-06  1.636e-06 -4.363e-06
 365.00  3.899e-05  1.391e-05  1.254e-05  8.725e-06  5.181e-06  2.454e-06  5.999e-06 -1.418e-05
 375.00  5.453e-06  1.172e-05  2.181e-06  8.998e-06 -1.636e-06 -5.726e-06  5.453e-06 -1.336e-05
 385.00  1.391e-05  1.636e-05  5.999e-06  4.908e-06  6.817e-06 -5.453e-06  1.363e-05 -2.727e-06
 395.00  1.745e-05  1.091e-05  7.089e-06  1.309e-05  3.272e-06 -4.363e-06  1.145e-05  4.363e-06
 405.00  1.581e-05  4.090e-06  9.816e-06  4.363e-06  1.091e-05  4.635e-06  2.181e-06  4.363e-06
 415.00  1.772e-05  1.200e-05  2.781e-05  5.453e-06 -6.271e-06  3.272e-06  1.636e-06  1.636e-05
 425.00  2.590e-05  2.399e-05  2.672e-05  7.635e-06  1.227e-05  3.272e-06 -5.999e-06  1.963e-05
 435.00  1.990e-05  4.635e-06  2.618e-05 -9.816e-06  8.180e-07  2.727e-07 -1.091e-05  8.725e-06
 445.00  1.118e-05  1.145e-05 -3.272e-06  1.363e-05  4.635e-06 -1.309e-05 -3.272e-06  9.271e-06
 455.00  2.290e-05  9.271e-06  2.181e-05  1.336e-05 -3.817e-06  4.363e-06  6.544e-06 -1.909e-06
 465.00  5.181e-06  1.363e-05 -1.091e-06  1.036e-05 -2.999e-06 -2.181e-06 -5.453e-06 -7.089e-06
 475.00  2.045e-05  6.544e-06  1.527e-05  1.363e-05  3.545e-06 -6.544e-06 -2.181e-06  3.817e-06
 485.00  2.236e-05  2.072e-05  7.635e-06  1.663e-05 -2.181e-06  5.453e-06  3.272e-06  2.263e-05
 495.00  1.227e-05  7.635e-06  1.691e-05  1.254e-05  6.271e-06  2.181e-06 -3.817e-06  2.727e-06
 505.00  1.309e-05 -8.180e-07  1.200e-05  8.180e-06  3.817e-06  3.545e-06 -3.272e-06 -5.453e-07
 515.00  1.663e-05  6.271e-06 -5.453e-07 -6.544e-06  1.172e-05  6.271e-06  9.271e-06  5.453e-06
 525.00 -2.181e-06  1.336e-05 -1.091e-06  1.336e-05  7.089e-06  2.454e-06  0.000e+00 -8.453e-06
 535.00  2.209e-05  1.227e-05  1.909e-05  4.908e-06 -5.726e-06 -8.180e-07 -4.908e-06 -1.636e-06
 545.00  9.543e-06  5.181e-06  9.816e-06  5.453e-07 -2.727e-07  8.180e-07  6.544e-06  4.908e-06
 555.00  1.691e-05  1.827e-05  9.271e-06  1.581e-05  1.472e-05 -2.727e-07 -1.363e-05  7.089e-06
 565.00  1.963e-05  7.089e-06  4.908e-06  5.453e-07  1.418e-05 -7.089e-06 -9.271e-06 -3.817e-06
 575.00  8.998e-06  1.009e-05  1.309e-05  1.363e-05  1.363e-06  2.454e-06 -1.091e-06  1.636e-06
 585.00  1.472e-05  4.363e-06  3.272e-06 -3.272e-06  9.271e-06  5.453e-07  0.000e+00 -3.272e-06
 595.00  2.100e-05  1.009e-05  1.036e-05  2.181e-06  1.009e-05  7.362e-06 -5.453e-07  2.181e-06
 605.00  2.290e-05  4.090e-06  8.725e-06  4.363e-06  5.999e-06 -1.363e-06  6.544e-06 -2.181e-06
 615.00  6.544e-06 -1.091e-06  2.727e-06  1.254e-05  5.453e-07  5.453e-07  5.453e-07 -5.453e-07
 625.00  1.663e-05  9.271e-06  4.908e-06  1.636e-06  3.545e-06 -6.544e-06 -4.908e-06  1.145e-05
 635.00  2.345e-05 -2.727e-06 -3.817e-06  5.453e-07 -4.363e-06  5.999e-06  5.999e-06 -3.817e-06
 645.00  9.816e-06  2.727e-07 -2.181e-06  9.271e-06  2.181e-06 -2.999e-06  2.181e-06  3.817e-06
 655.00  1.063e-05  6.271e-06  3.817e-06  6.544e-06 -8.998e-06 -8.180e-07 -8.180e-06  1.091e-06
 665.00 -4.908e-06  9.543e-06  9.816e-06  0.000e+00 -1.091e-05 -2.454e-06 -3.272e-06  4.363e-06
 675.00  4.090e-06 -3.817e-06  1.091e-05  5.453e-07  2.727e-07 -3.817e-06  0.000e+00 -4.908e-06
 685.00  1.909e-06  1.909e-06  9.271e-06 -2.999e-06 -2.999e-06 -4.635e-06 -2.727e-06 -3.545e-06
 695.00  1.609e-05  4.090e-06  2.727e-06  4.363e-06 -4.635e-06 -6.817e-06  5.453e-07  1.091e-05
 705.00  3.817e-06  2.727e-07  1.091e-06  8.180e-06  4.363e-06 -2.999e-06 -5.453e-06  5.453e-07
 715.00  2.045e-05  8.180e-06 -5.453e-07  5.453e-07 -1.363e-06  2.727e-06 -1.636e-06 -3.817e-06
 725.00  2.263e-05  7.362e-06 -1.091e-06 -2.727e-06  1.909e-06  3.545e-06 -1.091e-06  5.999e-06
 735.00  4.635e-06  4.635e-06  2.181e-06  1.091e-05  8.180e-07 -5.726e-06  5.453e-06 -1.091e-05
 745.00  7.362e-06  8.180e-07  2.727e-06  1.636e-06 -1.363e-06  2.999e-06 -5.453e-07  3.817e-06
 755.00  5.181e-06  7.635e-06 -3.817e-06  9.816e-06  2.727e-07  4.363e-06 -3.817e-06 -5.453e-06
 765.00  8.725e-06 -5.453e-06 -1.636e-06  8.725e-06  5.453e-07 -2.181e-06  5.453e-07 -4.363e-06
 775.00  1.909e-06  6.817e-06 -1.636e-06  1.636e-06 -1.363e-06  6.271e-06  2.727e-06 -5.999e-06
 785.00 -3.545e-06 -2.999e-06 -2.727e-06  2.727e-06 -3.545e-06  7.362e-06  3.817e-06  1.636e-06
 795.00  1.036e-05  7.635e-06  1.636e-06  1.091e-06 -2.181e-06 -8.725e-06 -1.636e-06  3.272e-06
 805.00 -9.543e-06 -2.999e-06 -5.453e-07  6.544e-06 -4.635e-06  1.909e-06  3.817e-06 -4.363e-06
 815.00  1.145e-05  1.227e-05  1.091e-06  5.453e-07  5.453e-06 -1.363e-06  2.181e-06 -1.636e-06
 825.00  1.227e-05  3.817e-06  3.272e-06 -1.636e-06  2.727e-07  1.091e-06 -4.363e-06 -1.636e-06
 835.00  2.999e-06  1.009e-05  1.636e-06  0.000e+00 -8.998e-06  8.180e-07  1.636e-06  1.091e-06
 845.00  4.090e-06  2.181e-06 -5.453e-07 -1.636e-06 -6.817e-06  5.453e-07  5.453e-07  8.180e-06
 855.00  5.453e-06  1.363e-06  2.181e-06 -3.272e-06  2.727e-06 -1.363e-06  0.000e+00  3.272e-06
 865.00  5.999e-06  1.636e-06 -5.453e-07 -3.817e-06 -8.725e-06  1.636e-06  5.453e-07 -5.999e-06
 875.00  2.181e-06  1.909e-06  1.636e-06  3.272e-06  5.453e-07  2.454e-06  5.453e-07  1.091e-06
 885.00  1.527e-05  3.545e-06 -1.091e-06  2.727e-06 -4.908e-06 -4.090e-06 -2.181e-06 -1.636e-06
 895.00 -2.727e-07 -2.454e-06  0.000e+00 -5.453e-07  6.271e-06 -1.363e-06 -3.272e-06  2.727e-06
 905.00  1.909e-06  7.907e-06  1.091e-06  7.635e-06 -2.454e-06  5.726e-06  0.000e+00 -6.544e-06
 915.00  1.227e-05  4.363e-06 -2.727e-06 -1.091e-06 -8.180e-07 -3.272e-06  2.727e-06  4.363e-06
 925.00  1.854e-05  7.907e-06 -5.453e-07  3.272e-06 -5.453e-07  8.998e-06 -5.453e-07  2.181e-06
 935.00  1.963e-05  4.635e-06 -5.453e-07 -4.908e-06  1.145e-05  1.227e-05  2.727e-06 -2.727e-06
 945.00 -4.363e-06  2.727e-07  4.363e-06 -2.727e-06  0.000e+00 -2.999e-06  1.091e-06  8.180e-06
 955.00  2.181e-06  9.543e-06  5.453e-07  0.000e+00  7.089e-06  2.999e-06  5.453e-07 -5.453e-06
 965.00  4.908e-06  1.636e-06 -1.091e-06 -3.272e-06 -1.091e-06  5.999e-06 -1.091e-06  1.091e-06
 975.00  1.363e-06 -2.181e-06  2.181e-06  1.636e-06 -2.999e-06  6.544e-06  0.000e+00  5.453e-07
 985.00  3.817e-06 -5.453e-07  1.091e-06  3.272e-06  3.817e-06 -5.453e-06  2.181e-06  5.453e-06
 995.00  4.635e-06  4.908e-06  1.091e-06  4.908e-06  1.336e-05  5.453e-07  3.272e-06  2.727e-06
