   5.00 -5.398e-06  1.280e-03  2.150e-03  1.809e-03  1.080e-06 -1.004e-04 -7.017e-05 -1.031e-04
  15.00  2.159e-06  1.288e-03  1.949e-03  1.854e-03 -4.318e-06 -6.909e-05 -2.791e-04 -7.017e-05
  25.00  5.667e-05  1.358e-03  2.150e-03  1.685e-03 -1.673e-05 -1.047e-04 -1.986e-04 -7.719e-05
  35.00  1.225e-04  1.284e-03  1.901e-03  1.783e-03 -1.349e-05 -1.322e-04 -1.997e-04 -5.182e-05
  45.00  1.808e-04  1.254e-03  1.901e-03  1.828e-03 -2.753e-05 -4.480e-05 -1.846e-04 -6.801e-05
  55.00  2.159e-04  1.116e-03  1.845e-03  1.670e-03 -2.159e-05  4.588e-05 -1.241e-04 -1.630e-04
  65.00  2.845e-04  1.236e-03  1.750e-03  1.549e-03 -4.858e-06 -1.182e-04 -3.347e-05 -1.020e-04
  75.00  3.784e-04  1.106e-03  1.576e-03  1.472e-03  2.213e-05 -4.804e-05  1.727e-05 -4.156e-05
  85.00  3.956e-04  1.144e-03  1.487e-03  1.392e-03 -1.889e-05 -3.023e-05 -2.904e-04 -1.026e-04
  95.00  5.624e-04  1.051e-03  1.493e-03  1.389e-03 -1.026e-04 -3.293e-05 -3.994e-05 -4.156e-05
 105.00  5.252e-04  9.775e-04  1.322e-03  1.335e-03 -1.565e-05 -9.662e-05 -3.562e-05 -1.150e-04
 115.00  6.806e-04  9.144e-04  1.331e-03  1.298e-03 -1.733e-04 -1.371e-04 -1.738e-04 -1.727e-05
 125.00  6.698e-04  9.397e-04  1.248e-03  1.261e-03 -3.940e-05 -4.804e-05 -9.500e-05 -1.646e-04
 135.00  6.736e-04  7.686e-04  1.141e-03  1.250e-03  7.557e-06 -5.937e-05 -2.051e-05  2.105e-05
 145.00  7.298e-04  7.848e-04  1.220e-03  1.031e-03  4.426e-05  2.483e-05  6.909e-05 -9.878e-05
 155.00  7.654e-04  7.281e-04  9.662e-04  9.894e-04 -1.090e-04 -1.781e-05 -2.699e-05 -4.156e-05
 165.00  7.740e-04  7.287e-04  9.262e-04  9.095e-04 -1.727e-05 -8.744e-05 -1.511e-05  9.176e-06
 175.00  8.032e-04  6.580e-04  9.014e-04  9.133e-04 -1.004e-04 -1.117e-04 -1.026e-04 -7.557e-05
 185.00  8.269e-04  5.489e-04  7.805e-04  7.589e-04  1.511e-05 -9.770e-05 -1.112e-04 -6.477e-05
 195.00  8.064e-04  6.045e-04  7.125e-04  6.682e-04  1.619e-05 -3.562e-05 -7.557e-05 -3.562e-05
 205.00  7.740e-04  5.721e-04  6.218e-04  6.304e-04 -4.426e-05 -3.886e-05 -2.591e-05 -6.045e-05
 215.00  7.859e-04  5.063e-04  6.844e-04  7.292e-04 -1.285e-04  6.693e-05 -1.317e-04 -1.258e-04
 225.00  7.287e-04  4.890e-04  5.873e-04  5.214e-04  3.454e-05 -1.727e-05 -3.670e-05 -3.347e-05
 235.00  6.688e-04  4.588e-04  5.452e-04  5.036e-04 -7.827e-05 -2.483e-05 -7.557e-06 -5.883e-05
 245.00  7.141e-04  3.951e-04  4.491e-04  5.209e-04 -8.096e-06  3.347e-05  1.295e-05 -9.662e-05
 255.00  6.828e-04  3.708e-04  4.566e-04  4.987e-04 -4.480e-05  1.241e-05  6.369e-05  2.591e-05
 265.00  5.991e-04  4.410e-04  3.379e-04  4.135e-04  0.000e+00 -2.861e-05 -3.131e-05 -1.835e-05
 275.00  6.531e-04  3.374e-04  3.066e-04  5.020e-04 -3.239e-05 -3.508e-05 -3.239e-05 -4.210e-05
 285.00  6.531e-04  3.233e-04  3.573e-04  4.194e-04  3.994e-05  2.105e-05 -7.881e-05 -5.236e-05
 295.00  5.954e-04  2.839e-04  3.023e-04  3.147e-04 -6.315e-05 -7.341e-05 -2.591e-05 -3.293e-05
 305.00  5.981e-04  3.136e-04  3.206e-04  3.050e-04 -5.290e-05 -1.349e-05 -4.642e-05 -5.667e-05
 315.00  6.132e-04  3.125e-04  2.850e-04  2.969e-04  4.318e-05 -1.565e-05 -1.080e-05 -2.699e-05
 325.00  5.587e-04  2.877e-04  1.943e-04  3.293e-04 -2.969e-05  2.699e-06 -5.182e-05 -3.347e-05
 335.00  4.960e-04  2.623e-04  2.710e-04  2.828e-04 -4.696e-05  2.699e-05 -7.017e-05 -3.023e-05
 345.00  5.009e-04  2.229e-04  2.656e-04  2.380e-04 -3.562e-05 -6.963e-05 -2.159e-05  1.349e-05
 355.00  5.403e-04  2.623e-04  2.245e-04  2.267e-04 -6.747e-05 -2.051e-05  1.295e-05  1.727e-05
 365.00  4.771e-04  2.159e-04  1.857e-04  1.949e-04  7.557e-06 -4.318e-05 -1.511e-05 -2.537e-05
 375.00  4.561e-04  1.765e-04  1.468e-04  2.094e-04 -3.832e-05 -3.724e-05  2.159e-06  2.159e-05
 385.00  4.032e-04  2.424e-04  1.706e-04  1.997e-04 -3.293e-05  2.699e-06  5.398e-05 -2.267e-05
 395.00  4.593e-04  1.878e-04  9.068e-05  1.781e-04  1.619e-06 -2.267e-05  8.636e-06 -1.619e-05
 405.00  3.978e-04  1.646e-04  1.490e-04  1.781e-04 -2.321e-05 -1.026e-05 -8.636e-06 -1.619e-05
 415.00  4.118e-04  2.013e-04  1.026e-04  1.630e-04 -4.912e-05 -1.133e-05  1.619e-05 -2.267e-05
 425.00  3.854e-04  1.727e-04  1.133e-04  1.878e-04 -3.670e-05 -3.131e-05  3.562e-05  1.727e-05
 435.00  3.654e-04  1.646e-04  1.123e-04  1.166e-04  1.997e-05 -2.861e-05  4.318e-06 -6.477e-06
 445.00  3.109e-04  1.814e-04  8.960e-05  1.349e-04 -4.318e-06 -2.159e-05 -1.080e-06 -9.716e-06
 455.00  2.979e-04  1.349e-04  7.557e-05  1.123e-04 -5.721e-05 -1.835e-05 -6.477e-06 -3.454e-05
 465.00  3.266e-04  1.501e-04  8.312e-05  1.112e-04 -3.616e-05 -1.619e-05  1.080e-06 -1.835e-05
 475.00  2.850e-04  1.495e-04  7.017e-05  1.241e-04 -5.074e-05  2.699e-06 -1.619e-05 -3.347e-05
 485.00  3.195e-04  1.328e-04  6.477e-05  8.528e-05 -2.807e-05 -2.915e-05 -6.477e-06 -1.080e-06
 495.00  2.720e-04  1.533e-04  4.966e-05  6.909e-05 -7.557e-06 -2.591e-05  0.000e+00 -6.477e-06
 505.00  2.839e-04  1.263e-04  4.102e-05  4.642e-05 -3.886e-05 -2.483e-05  0.000e+00 -9.716e-06
 515.00  2.504e-04  1.231e-04  5.937e-05  6.477e-05 -3.239e-05 -9.716e-06 -1.187e-05 -5.182e-05
 525.00  2.245e-04  1.517e-04  4.102e-05  1.026e-04  4.318e-06 -7.017e-06  4.318e-06 -3.347e-05
 535.00  2.321e-04  1.069e-04  4.642e-05  6.261e-05 -5.614e-05 -2.267e-05 -7.557e-06 -1.511e-05
 545.00  2.175e-04  1.231e-04  3.886e-05  7.988e-05 -6.423e-05  1.835e-05  6.477e-06 -4.318e-05
 555.00  2.154e-04  1.366e-04  4.318e-05  3.454e-05  2.105e-05 -1.349e-05  2.159e-06 -2.159e-06
 565.00  2.510e-04  1.112e-04  1.943e-05  3.670e-05 -3.293e-05 -2.051e-05  4.318e-06  2.159e-06
 575.00  2.003e-04  8.096e-05  3.023e-05  3.886e-05 -2.321e-05 -3.023e-05 -2.159e-06  2.159e-06
 585.00  1.959e-04  1.063e-04  1.080e-05  4.318e-05 -3.185e-05 -1.241e-05 -2.159e-06 -1.727e-05
 595.00  1.754e-04  7.988e-05  3.778e-05  3.131e-05  1.349e-05 -1.080e-05 -3.239e-06 -1.835e-05
 605.00  1.754e-04  9.878e-05  2.051e-05  6.153e-05 -3.832e-05 -1.349e-05 -1.187e-05 -7.557e-06
 615.00  1.662e-04  9.338e-05  3.131e-05  4.642e-05 -1.943e-05 -1.673e-05 -1.187e-05 -5.398e-06
 625.00  1.862e-04  1.004e-04  1.295e-05  4.426e-05 -1.565e-05 -2.159e-06  0.000e+00  1.403e-05
 635.00  1.873e-04  9.230e-05  2.807e-05  3.994e-05 -4.696e-05 -1.673e-05 -1.080e-05 -1.187e-05
 645.00  1.360e-04  9.554e-05  1.511e-05  1.943e-05 -1.295e-05 -3.832e-05  6.477e-06  6.477e-06
 655.00  1.652e-04  9.446e-05  2.267e-05  4.102e-05 -6.477e-06  1.026e-05 -5.398e-06 -6.477e-06
 665.00  1.625e-04  6.207e-05  1.727e-05  3.994e-05 -1.457e-05 -1.133e-05  1.295e-05  1.080e-06
 675.00  1.382e-04  7.287e-05  1.943e-05  2.483e-05  7.557e-06 -8.096e-06  4.318e-06 -7.557e-06
 685.00  1.322e-04  7.017e-05  5.398e-06  1.619e-05 -1.026e-05  2.159e-06 -7.557e-06 -1.080e-06
 695.00  1.112e-04  5.937e-05  4.318e-06  4.642e-05 -2.699e-05 -6.477e-06  4.318e-06 -1.080e-06
 705.00  1.090e-04  8.312e-05  4.318e-06  2.915e-05  1.080e-06 -6.477e-06  2.159e-06 -1.187e-05
 715.00  1.770e-04  9.986e-05  6.477e-06  4.426e-05 -1.187e-05 -1.673e-05  2.159e-06  1.080e-06
 725.00  1.506e-04  9.122e-05  1.403e-05  1.187e-05 -2.645e-05 -2.105e-05  1.080e-06  3.239e-06
 735.00  1.209e-04  6.261e-05  1.080e-05  4.426e-05 -1.080e-06 -1.619e-05  2.159e-06 -1.080e-06
 745.00  1.209e-04  8.852e-05  6.477e-06  1.619e-05 -3.347e-05 -1.295e-05  0.000e+00 -1.080e-06
 755.00  1.150e-04  6.261e-05  1.187e-05  1.080e-05 -3.185e-05  5.398e-06 -3.239e-06  1.080e-05
 765.00  9.770e-05  9.338e-05  4.318e-06  1.511e-05 -2.753e-05 -2.699e-06  0.000e+00  4.318e-06
 775.00  1.258e-04  6.423e-05  7.557e-06  2.915e-05 -3.508e-05  8.096e-06 -5.398e-06 -1.080e-06
 785.00  1.101e-04  7.179e-05  3.239e-06  2.159e-05 -1.080e-05 -4.858e-06  1.080e-06  2.159e-06
 795.00  9.824e-05  6.207e-05  5.398e-06  1.403e-05 -2.699e-05 -1.889e-05  1.080e-06  7.557e-06
 805.00  1.139e-04  6.801e-05  5.398e-06  3.023e-05 -8.096e-06 -7.557e-06 -1.080e-06  0.000e+00
 815.00  1.150e-04  4.588e-05  3.239e-06  1.080e-05 -9.176e-06  2.699e-06 -1.080e-06 -4.318e-06
 825.00  9.446e-05  6.261e-05  5.398e-06  4.318e-06 -2.699e-06 -3.239e-06 -1.080e-06  0.000e+00
 835.00  8.798e-05  5.883e-05  2.159e-06  8.636e-06 -1.133e-05  1.619e-06  2.159e-06  2.159e-06
 845.00  8.582e-05  6.531e-05  3.239e-06  1.511e-05 -1.673e-05  5.398e-07 -5.398e-06 -4.318e-06
 855.00  7.557e-05  8.150e-05  5.398e-06  1.619e-05  0.000e+00  2.699e-06  3.239e-06 -3.239e-06
 865.00  1.015e-04  7.395e-05 -1.080e-06  1.080e-05  9.716e-06  9.176e-06  3.239e-06 -6.477e-06
 875.00  9.932e-05  6.963e-05 -3.239e-06  1.619e-05  1.080e-05 -1.565e-05 -1.080e-06 -7.557e-06
 885.00  1.020e-04  5.667e-05  3.239e-06 -2.159e-06  1.026e-05  1.673e-05  1.080e-06  0.000e+00
 895.00  7.449e-05  5.614e-05  1.080e-06  1.727e-05  0.000e+00 -8.636e-06 -1.080e-06 -4.318e-06
 905.00  6.855e-05  6.369e-05 -2.159e-06  1.619e-05  9.176e-06  1.187e-05 -2.159e-06 -5.398e-06
 915.00  9.230e-05  6.531e-05  3.239e-06  5.398e-06  1.997e-05 -1.241e-05  3.239e-06  1.080e-06
 925.00  9.338e-05  4.372e-05  3.239e-06  9.716e-06 -4.858e-06 -1.457e-05  3.239e-06 -1.080e-06
 935.00  6.207e-05  3.293e-05  3.239e-06  9.716e-06  1.457e-05 -2.699e-06 -1.080e-06 -1.080e-06
 945.00  6.207e-05  6.585e-05  1.080e-06  4.318e-06 -3.778e-06 -3.239e-06 -1.080e-06  2.159e-06
 955.00  7.125e-05  5.182e-05  2.159e-06  7.557e-06 -6.477e-06 -1.511e-05  2.159e-06 -1.080e-06
 965.00  7.988e-05  5.883e-05  0.000e+00  1.080e-06 -1.727e-05 -1.565e-05 -2.159e-06 -5.398e-06
 975.00  8.150e-05  5.506e-05  1.080e-06  1.187e-05  3.778e-06 -5.398e-06 -1.080e-06 -1.080e-06
 985.00  6.639e-05  4.534e-05  1.080e-06  7.557e-06 -2.969e-05 -1.511e-05  1.080e-06  5.398e-06
 995.00  5.829e-05  4.588e-05  0.000e+00  1.080e-05 -1.835e-05 -3.778e-06  0.000e+00  4.318e-06
