   0.05  4.344e-01 -9.319e-03
   0.15  4.153e-01 -4.156e-02
   0.25  4.342e-01 -4.433e-02
   0.35  3.916e-01 -4.785e-03
   0.45  3.720e-01 -5.717e-02
   0.55  3.302e-01 -2.594e-02
   0.65  2.806e-01 -3.022e-02
   0.75  2.574e-01 -1.561e-02
   0.85  2.158e-01 -8.311e-03
   0.95  1.861e-01 -1.436e-02
   1.05  1.680e-01 -1.184e-02
   1.15  1.380e-01 -1.561e-02
   1.25  1.151e-01 -2.393e-02
   1.35  1.267e-01 -2.040e-02
   1.45  1.002e-01 -7.052e-03
   1.55  9.621e-02 -1.310e-02
   1.65  7.984e-02  7.304e-03
   1.75  6.825e-02 -1.234e-02
   1.85  6.649e-02 -2.720e-02
   1.95  6.498e-02  3.526e-03
   2.05  0.000e+00  0.000e+00
   2.15  0.000e+00  0.000e+00
   2.25  0.000e+00  0.000e+00
   2.35  0.000e+00  0.000e+00
   2.45  0.000e+00  0.000e+00
   2.55  0.000e+00  0.000e+00
   2.65  0.000e+00  0.000e+00
   2.75  0.000e+00  0.000e+00
   2.85  0.000e+00  0.000e+00
   2.95  0.000e+00  0.000e+00
   3.05  0.000e+00  0.000e+00
   3.15  0.000e+00  0.000e+00
   3.25  0.000e+00  0.000e+00
   3.35  0.000e+00  0.000e+00
   3.45  0.000e+00  0.000e+00
   3.55  0.000e+00  0.000e+00
   3.65  0.000e+00  0.000e+00
   3.75  0.000e+00  0.000e+00
   3.85  0.000e+00  0.000e+00
   3.95  0.000e+00  0.000e+00
   4.05  0.000e+00  0.000e+00
   4.15  0.000e+00  0.000e+00
   4.25  0.000e+00  0.000e+00
   4.35  0.000e+00  0.000e+00
   4.45  0.000e+00  0.000e+00
   4.55  0.000e+00  0.000e+00
   4.65  0.000e+00  0.000e+00
   4.75  0.000e+00  0.000e+00
   4.85  0.000e+00  0.000e+00
   4.95  0.000e+00  0.000e+00
