   0.05  6.130e-01  6.130e-01
   0.15  4.745e-01  4.745e-01
   0.25  5.330e-01  5.330e-01
   0.35  4.148e-01  4.148e-01
   0.45  4.075e-01  4.075e-01
   0.55  3.169e-01  3.169e-01
   0.65  2.724e-01  2.724e-01
   0.75  2.775e-01  2.775e-01
   0.85  2.150e-01  2.150e-01
   0.95  1.790e-01  1.790e-01
   1.05  1.227e-01  1.227e-01
   1.15  1.159e-01  1.159e-01
   1.25  7.880e-02  7.880e-02
   1.35  9.231e-02  9.231e-02
   1.45  8.781e-02  8.781e-02
   1.55  8.724e-02  8.724e-02
   1.65  7.092e-02  7.092e-02
   1.75  3.771e-02  3.771e-02
   1.85  3.208e-02  3.208e-02
   1.95  3.039e-02  3.039e-02
   2.05  1.745e-02  1.745e-02
   2.15  2.251e-03  2.251e-03
   2.25  4.503e-03  4.503e-03
   2.35  1.126e-03  1.126e-03
   2.45 -1.689e-03 -1.689e-03
   2.55  1.126e-03  1.126e-03
   2.65 -1.126e-03 -1.126e-03
   2.75 -1.689e-03 -1.689e-03
   2.85  5.629e-04  5.629e-04
   2.95  0.000e+00  0.000e+00
   3.05  0.000e+00  0.000e+00
   3.15  0.000e+00  0.000e+00
   3.25  0.000e+00  0.000e+00
   3.35  0.000e+00  0.000e+00
   3.45  0.000e+00  0.000e+00
   3.55  0.000e+00  0.000e+00
   3.65  0.000e+00  0.000e+00
   3.75  0.000e+00  0.000e+00
   3.85  0.000e+00  0.000e+00
   3.95  0.000e+00  0.000e+00
   4.05  0.000e+00  0.000e+00
   4.15  0.000e+00  0.000e+00
   4.25  0.000e+00  0.000e+00
   4.35  0.000e+00  0.000e+00
   4.45  0.000e+00  0.000e+00
   4.55  0.000e+00  0.000e+00
   4.65  0.000e+00  0.000e+00
   4.75  0.000e+00  0.000e+00
   4.85  0.000e+00  0.000e+00
   4.95  0.000e+00  0.000e+00
