   0.05  1.892e-01  4.068e-03
   0.15  1.809e-01  4.647e-04
   0.25  1.753e-01  1.286e-02
   0.35  1.665e-01  4.268e-03
   0.45  1.521e-01  5.352e-03
   0.55  1.371e-01 -1.402e-03
   0.65  1.154e-01  3.956e-03
   0.75  9.105e-02 -5.795e-04
   0.85  7.448e-02 -1.190e-04
   0.95  6.766e-02 -1.655e-03
   1.05  4.985e-02 -9.495e-03
   1.15  5.298e-02  2.626e-03
   1.25  4.078e-02 -4.775e-03
   1.35  3.401e-02 -2.410e-03
   1.45  1.703e-02 -1.381e-03
   1.55  2.931e-02  3.019e-03
   1.65  2.265e-02 -7.929e-03
   1.75  2.079e-02 -2.226e-03
   1.85  1.922e-02 -1.862e-03
   1.95  1.469e-02 -6.147e-05
   2.05  0.000e+00  0.000e+00
   2.15  0.000e+00  0.000e+00
   2.25  0.000e+00  0.000e+00
   2.35  0.000e+00  0.000e+00
   2.45  0.000e+00  0.000e+00
   2.55  0.000e+00  0.000e+00
   2.65  0.000e+00  0.000e+00
   2.75  0.000e+00  0.000e+00
   2.85  0.000e+00  0.000e+00
   2.95  0.000e+00  0.000e+00
   3.05  0.000e+00  0.000e+00
   3.15  0.000e+00  0.000e+00
   3.25  0.000e+00  0.000e+00
   3.35  0.000e+00  0.000e+00
   3.45  0.000e+00  0.000e+00
   3.55  0.000e+00  0.000e+00
   3.65  0.000e+00  0.000e+00
   3.75  0.000e+00  0.000e+00
   3.85  0.000e+00  0.000e+00
   3.95  0.000e+00  0.000e+00
   4.05  0.000e+00  0.000e+00
   4.15  0.000e+00  0.000e+00
   4.25  0.000e+00  0.000e+00
   4.35  0.000e+00  0.000e+00
   4.45  0.000e+00  0.000e+00
   4.55  0.000e+00  0.000e+00
   4.65  0.000e+00  0.000e+00
   4.75  0.000e+00  0.000e+00
   4.85  0.000e+00  0.000e+00
   4.95  0.000e+00  0.000e+00
