   0.05  5.539e-01  5.539e-01
   0.15  5.825e-01  5.825e-01
   0.25  4.941e-01  4.941e-01
   0.35  4.961e-01  4.961e-01
   0.45  4.129e-01  4.129e-01
   0.55  3.372e-01  3.372e-01
   0.65  2.928e-01  2.928e-01
   0.75  2.289e-01  2.289e-01
   0.85  2.085e-01  2.085e-01
   0.95  1.788e-01  1.788e-01
   1.05  1.374e-01  1.374e-01
   1.15  1.446e-01  1.446e-01
   1.25  9.555e-02  9.555e-02
   1.35  7.613e-02  7.613e-02
   1.45  8.380e-02  8.380e-02
   1.55  8.584e-02  8.584e-02
   1.65  6.745e-02  6.745e-02
   1.75  5.365e-02  5.365e-02
   1.85  3.730e-02  3.730e-02
   1.95  3.985e-02  3.985e-02
   2.05  1.431e-02  1.431e-02
   2.15  9.197e-03  9.197e-03
   2.25  7.664e-03  7.664e-03
   2.35  2.044e-03  2.044e-03
   2.45 -1.022e-03 -1.022e-03
   2.55  3.577e-03  3.577e-03
   2.65  1.533e-03  1.533e-03
   2.75  0.000e+00  0.000e+00
   2.85  5.110e-04  5.110e-04
   2.95  0.000e+00  0.000e+00
   3.05  0.000e+00  0.000e+00
   3.15  0.000e+00  0.000e+00
   3.25  0.000e+00  0.000e+00
   3.35  0.000e+00  0.000e+00
   3.45  0.000e+00  0.000e+00
   3.55  0.000e+00  0.000e+00
   3.65  0.000e+00  0.000e+00
   3.75  0.000e+00  0.000e+00
   3.85  0.000e+00  0.000e+00
   3.95  0.000e+00  0.000e+00
   4.05  0.000e+00  0.000e+00
   4.15  0.000e+00  0.000e+00
   4.25  0.000e+00  0.000e+00
   4.35  0.000e+00  0.000e+00
   4.45  0.000e+00  0.000e+00
   4.55  0.000e+00  0.000e+00
   4.65  0.000e+00  0.000e+00
   4.75  0.000e+00  0.000e+00
   4.85  0.000e+00  0.000e+00
   4.95  0.000e+00  0.000e+00
