   0.05  3.651e-01 -2.733e-02
   0.15  3.943e-01 -3.904e-03
   0.25  3.672e-01  7.027e-03
   0.35  3.446e-01 -3.279e-02
   0.45  3.086e-01 -9.369e-03
   0.55  3.537e-01 -6.506e-03
   0.65  2.735e-01 -4.086e-02
   0.75  2.576e-01  1.249e-02
   0.85  2.441e-01  2.967e-02
   0.95  1.645e-01  1.926e-02
   1.05  1.837e-01 -8.328e-03
   1.15  1.460e-01  7.547e-03
   1.25  1.494e-01 -2.550e-02
   1.35  1.252e-01  2.863e-03
   1.45  9.941e-02  3.643e-03
   1.55  1.127e-01  1.822e-03
   1.65  8.536e-02 -6.766e-03
   1.75  9.941e-02 -6.246e-03
   1.85  7.859e-02  4.684e-03
   1.95  6.246e-02  5.205e-03
   2.05  5.231e-02 -1.119e-02
   2.15  3.383e-02 -2.082e-03
   2.25  2.602e-02 -9.369e-03
   2.35  1.614e-02  5.725e-03
   2.45  1.509e-02  3.643e-03
   2.55  5.205e-03 -5.205e-03
   2.65  5.205e-03 -2.602e-03
   2.75  5.986e-03  7.807e-04
   2.85  3.643e-03 -1.041e-03
   2.95  4.684e-03  1.041e-03
   3.05 -7.807e-04  2.602e-04
   3.15  1.301e-03  2.342e-03
   3.25  4.424e-03 -2.863e-03
   3.35  2.342e-03  7.807e-04
   3.45  1.041e-03  1.041e-03
   3.55  1.301e-03  2.602e-04
   3.65  1.041e-03  2.082e-03
   3.75  1.041e-03 -5.205e-04
   3.85  1.301e-03 -2.602e-04
   3.95  1.301e-03 -2.602e-04
   4.05  2.602e-04  2.602e-04
   4.15  1.822e-03  2.602e-04
   4.25  1.041e-03  5.205e-04
   4.35 -2.602e-04 -2.602e-04
   4.45 -2.602e-04 -7.807e-04
   4.55  5.205e-04  1.041e-03
   4.65  2.602e-04 -2.602e-04
   4.75  0.000e+00  0.000e+00
   4.85  0.000e+00  0.000e+00
   4.95  0.000e+00  0.000e+00
