   0.05  5.703e-01  5.703e-01
   0.15  5.213e-01  5.213e-01
   0.25  4.875e-01  4.875e-01
   0.35  4.122e-01  4.122e-01
   0.45  3.740e-01  3.740e-01
   0.55  3.378e-01  3.378e-01
   0.65  2.775e-01  2.775e-01
   0.75  2.384e-01  2.384e-01
   0.85  1.831e-01  1.831e-01
   0.95  1.434e-01  1.434e-01
   1.05  1.493e-01  1.493e-01
   1.15  1.189e-01  1.189e-01
   1.25  1.008e-01  1.008e-01
   1.35  9.937e-02  9.937e-02
   1.45  8.713e-02  8.713e-02
   1.55  6.951e-02  6.951e-02
   1.65  6.413e-02  6.413e-02
   1.75  5.434e-02  5.434e-02
   1.85  2.643e-02  2.643e-02
   1.95  2.986e-02  2.986e-02
   2.05  1.420e-02  1.420e-02
   2.15 -2.448e-03 -2.448e-03
   2.25  4.895e-04  4.895e-04
   2.35  1.469e-03  1.469e-03
   2.45  0.000e+00  0.000e+00
   2.55 -1.469e-03 -1.469e-03
   2.65 -4.895e-04 -4.895e-04
   2.75  0.000e+00  0.000e+00
   2.85  4.895e-04  4.895e-04
   2.95 -4.895e-04 -4.895e-04
   3.05  0.000e+00  0.000e+00
   3.15  0.000e+00  0.000e+00
   3.25  0.000e+00  0.000e+00
   3.35  0.000e+00  0.000e+00
   3.45  0.000e+00  0.000e+00
   3.55  0.000e+00  0.000e+00
   3.65  0.000e+00  0.000e+00
   3.75  0.000e+00  0.000e+00
   3.85  0.000e+00  0.000e+00
   3.95  0.000e+00  0.000e+00
   4.05  0.000e+00  0.000e+00
   4.15  0.000e+00  0.000e+00
   4.25  0.000e+00  0.000e+00
   4.35  0.000e+00  0.000e+00
   4.45  0.000e+00  0.000e+00
   4.55  0.000e+00  0.000e+00
   4.65  0.000e+00  0.000e+00
   4.75  0.000e+00  0.000e+00
   4.85  0.000e+00  0.000e+00
   4.95  0.000e+00  0.000e+00
