   0.05  1.052e-01 -1.857e-02
   0.15  1.473e-01  3.962e-02
   0.25  9.843e-02  8.048e-03
   0.35  1.535e-01  2.229e-02
   0.45  1.455e-01 -9.286e-03
   0.55  1.752e-01 -2.167e-02
   0.65  2.148e-01 -3.900e-02
   0.75  2.012e-01 -2.786e-02
   0.85  1.529e-01 -1.424e-02
   0.95  1.684e-01 -7.429e-03
   1.05  1.492e-01  1.795e-02
   1.15  1.715e-01 -5.572e-03
   1.25  1.492e-01 -6.191e-04
   1.35  1.492e-01  6.191e-04
   1.45  1.517e-01  1.795e-02
   1.55  1.257e-01  2.414e-02
   1.65  1.189e-01  1.362e-02
   1.75  1.195e-01  1.919e-02
   1.85  1.164e-01  2.476e-03
   1.95  1.108e-01  2.043e-02
   2.05  1.034e-01  9.286e-03
   2.15  8.295e-02 -2.476e-03
   2.25  6.191e-02 -4.952e-03
   2.35  4.519e-02  6.191e-04
   2.45  3.714e-02  2.476e-03
   2.55  2.600e-02 -1.238e-03
   2.65  1.857e-02  0.000e+00
   2.75  1.610e-02  0.000e+00
   2.85  1.424e-02  1.857e-03
   2.95  1.362e-02  0.000e+00
   3.05  1.238e-02  7.429e-03
   3.15  4.333e-03  1.857e-03
   3.25  5.572e-03 -6.191e-04
   3.35  5.572e-03 -1.857e-03
   3.45  3.714e-03 -1.238e-03
   3.55  1.238e-03 -1.238e-03
   3.65  6.191e-04  6.191e-04
   3.75  1.238e-03  0.000e+00
   3.85  0.000e+00  0.000e+00
   3.95  1.238e-03  0.000e+00
   4.05  1.857e-03  6.191e-04
   4.15  6.191e-04  6.191e-04
   4.25  6.191e-04  6.191e-04
   4.35  0.000e+00  0.000e+00
   4.45  6.191e-04  6.191e-04
   4.55  0.000e+00  0.000e+00
   4.65  0.000e+00  0.000e+00
   4.75  0.000e+00  0.000e+00
   4.85  0.000e+00  0.000e+00
   4.95  0.000e+00  0.000e+00
