   0.05  2.583e-01 -1.573e-02
   0.15  1.905e-01  2.441e-02
   0.25  2.276e-01  9.958e-04
   0.35  1.675e-01 -1.815e-02
   0.45  1.641e-01  2.289e-02
   0.55  1.702e-01 -1.334e-02
   0.65  1.163e-01 -3.093e-02
   0.75  1.303e-01  1.511e-03
   0.85  1.068e-01  2.067e-02
   0.95  9.275e-02 -9.477e-03
   1.05  1.119e-01  1.279e-03
   1.15  6.605e-02  1.068e-02
   1.25  5.300e-02 -4.993e-03
   1.35  2.262e-02 -5.444e-03
   1.45  3.852e-02  1.553e-03
   1.55  3.549e-02 -9.677e-03
   1.65  4.222e-02  7.494e-04
   1.75  2.024e-02 -1.922e-02
   1.85  3.967e-02 -9.166e-03
   1.95  2.367e-02  8.748e-03
   2.05  0.000e+00  0.000e+00
   2.15  0.000e+00  0.000e+00
   2.25  0.000e+00  0.000e+00
   2.35  0.000e+00  0.000e+00
   2.45  0.000e+00  0.000e+00
   2.55  0.000e+00  0.000e+00
   2.65  0.000e+00  0.000e+00
   2.75  0.000e+00  0.000e+00
   2.85  0.000e+00  0.000e+00
   2.95  0.000e+00  0.000e+00
   3.05  0.000e+00  0.000e+00
   3.15  0.000e+00  0.000e+00
   3.25  0.000e+00  0.000e+00
   3.35  0.000e+00  0.000e+00
   3.45  0.000e+00  0.000e+00
   3.55  0.000e+00  0.000e+00
   3.65  0.000e+00  0.000e+00
   3.75  0.000e+00  0.000e+00
   3.85  0.000e+00  0.000e+00
   3.95  0.000e+00  0.000e+00
   4.05  0.000e+00  0.000e+00
   4.15  0.000e+00  0.000e+00
   4.25  0.000e+00  0.000e+00
   4.35  0.000e+00  0.000e+00
   4.45  0.000e+00  0.000e+00
   4.55  0.000e+00  0.000e+00
   4.65  0.000e+00  0.000e+00
   4.75  0.000e+00  0.000e+00
   4.85  0.000e+00  0.000e+00
   4.95  0.000e+00  0.000e+00
