   0.05  8.213e-03  1.954e-04
   0.15  8.848e-03  2.820e-03
   0.25  5.639e-03 -6.429e-03
   0.35  7.172e-03 -4.555e-03
   0.45  8.924e-03 -2.954e-03
   0.55  3.961e-03 -1.026e-03
   0.65  9.330e-03 -2.963e-03
   0.75  8.920e-03 -4.875e-04
   0.85  3.272e-03 -2.047e-03
   0.95  6.278e-03 -1.118e-03
   1.05  5.328e-03  2.338e-03
   1.15  5.808e-03  1.608e-03
   1.25  4.542e-03  1.650e-03
   1.35  6.433e-03  3.134e-03
   1.45  3.599e-03  1.092e-03
   1.55  4.787e-03  1.280e-03
   1.65  1.606e-03  1.597e-03
   1.75  5.315e-03  1.942e-03
   1.85  3.089e-03 -3.416e-04
   1.95  3.232e-03 -8.089e-04
   2.05  1.861e-03 -1.517e-03
   2.15  4.897e-04 -1.150e-03
   2.25  4.928e-04 -2.611e-04
   2.35  7.054e-04 -3.809e-04
   2.45  5.996e-04 -5.562e-05
   2.55 -8.179e-04  9.616e-05
   2.65 -3.753e-04 -1.399e-04
   2.75 -5.419e-04 -2.051e-04
   2.85  9.254e-05  4.505e-05
   2.95  3.669e-05 -1.317e-04
   3.05 -2.279e-04 -3.520e-05
   3.15 -5.245e-05  1.704e-06
   3.25  8.028e-05 -5.217e-05
   3.35 -4.557e-06  4.169e-04
   3.45 -1.782e-04  7.011e-05
   3.55 -3.228e-05  1.034e-04
   3.65  9.122e-05  1.282e-05
   3.75  3.627e-06  5.331e-05
   3.85  6.461e-05  7.165e-05
   3.95  1.911e-06 -5.967e-06
   4.05  8.586e-05  8.887e-05
   4.15  6.898e-06  7.516e-05
   4.25 -6.399e-06  7.713e-06
   4.35  2.742e-05  6.733e-06
   4.45 -4.088e-05 -6.888e-06
   4.55 -3.415e-07 -3.415e-07
   4.65 -1.289e-04 -1.064e-04
   4.75 -7.327e-06 -4.256e-05
   4.85 -2.714e-05  1.522e-05
   4.95  8.918e-06 -8.918e-06
