-173.57  5.745e-04  2.558e-04
-160.71  5.577e-04  3.774e-05
-147.86  4.823e-04  2.935e-05
-135.00  5.326e-04  9.645e-05
-122.14  6.290e-04 -5.032e-05
-109.29  4.864e-04  1.677e-04
 -96.43  7.926e-04  3.774e-05
 -83.57  1.145e-03  1.468e-04
 -70.71  1.296e-03 -1.048e-04
 -57.86  1.204e-03 -2.097e-05
 -45.00  2.009e-03  1.258e-05
 -32.14  2.202e-03  7.129e-05
 -19.29  3.061e-03  5.871e-05
  -6.43  3.158e-03 -4.613e-05
   6.43  3.149e-03 -2.935e-05
  19.29  2.743e-03 -3.606e-04
  32.14  2.520e-03 -3.481e-04
  45.00  2.080e-03  5.032e-05
  57.86  1.598e-03 -2.642e-04
  70.71  1.241e-03 -8.387e-06
  83.57  1.086e-03 -7.129e-05
  96.43  6.458e-04 -1.677e-05
 109.29  7.045e-04  1.090e-04
 122.14  5.200e-04 -6.710e-05
 135.00  3.690e-04  1.845e-04
 147.86  5.200e-04  1.174e-04
 160.71  5.368e-04 -4.194e-05
 173.57  4.361e-04  1.006e-04
