   0.05  1.946e-02  6.627e-03
   0.15  2.456e-02 -2.793e-03
   0.25  1.344e-02 -1.771e-03
   0.35  1.285e-02  1.373e-03
   0.45  1.317e-02 -3.491e-03
   0.55  2.827e-03  2.025e-03
   0.65  8.159e-03  1.808e-03
   0.75  4.294e-03 -9.658e-04
   0.85  4.610e-03  6.104e-04
   0.95 -5.322e-05 -4.182e-03
   1.05 -8.974e-04  8.346e-05
   1.15  1.892e-03  2.603e-03
   1.25 -1.719e-03  3.343e-03
   1.35  4.090e-04 -7.813e-05
   1.45  6.957e-04 -6.297e-04
   1.55  2.352e-03 -1.103e-03
   1.65 -3.045e-04 -1.665e-03
   1.75  1.436e-04 -1.881e-05
   1.85 -1.797e-03 -5.611e-04
   1.95 -1.744e-03 -1.123e-04
   2.05  0.000e+00  0.000e+00
   2.15  0.000e+00  0.000e+00
   2.25  0.000e+00  0.000e+00
   2.35  0.000e+00  0.000e+00
   2.45  0.000e+00  0.000e+00
   2.55  0.000e+00  0.000e+00
   2.65  0.000e+00  0.000e+00
   2.75  0.000e+00  0.000e+00
   2.85  0.000e+00  0.000e+00
   2.95  0.000e+00  0.000e+00
   3.05  0.000e+00  0.000e+00
   3.15  0.000e+00  0.000e+00
   3.25  0.000e+00  0.000e+00
   3.35  0.000e+00  0.000e+00
   3.45  0.000e+00  0.000e+00
   3.55  0.000e+00  0.000e+00
   3.65  0.000e+00  0.000e+00
   3.75  0.000e+00  0.000e+00
   3.85  0.000e+00  0.000e+00
   3.95  0.000e+00  0.000e+00
   4.05  0.000e+00  0.000e+00
   4.15  0.000e+00  0.000e+00
   4.25  0.000e+00  0.000e+00
   4.35  0.000e+00  0.000e+00
   4.45  0.000e+00  0.000e+00
   4.55  0.000e+00  0.000e+00
   4.65  0.000e+00  0.000e+00
   4.75  0.000e+00  0.000e+00
   4.85  0.000e+00  0.000e+00
   4.95  0.000e+00  0.000e+00
