   0.05  3.660e-01  1.073e-03
   0.15  3.785e-01 -1.062e-02
   0.25  3.403e-01 -1.362e-02
   0.35  3.107e-01  1.470e-02
   0.45  3.062e-01 -1.791e-02
   0.55  2.581e-01 -9.225e-03
   0.65  2.447e-01 -9.332e-03
   0.75  2.242e-01 -2.596e-02
   0.85  1.941e-01 -9.707e-03
   0.95  1.712e-01 -1.764e-02
   1.05  1.480e-01 -1.528e-02
   1.15  1.202e-01 -7.937e-03
   1.25  1.016e-01 -7.026e-03
   1.35  9.600e-02 -1.877e-02
   1.45  8.361e-02 -9.815e-03
   1.55  6.977e-02 -1.775e-02
   1.65  6.994e-02 -7.294e-03
   1.75  5.497e-02 -1.341e-03
   1.85  5.369e-02 -6.382e-03
   1.95  4.897e-02 -1.057e-02
   2.05  0.000e+00  0.000e+00
   2.15  0.000e+00  0.000e+00
   2.25  0.000e+00  0.000e+00
   2.35  0.000e+00  0.000e+00
   2.45  0.000e+00  0.000e+00
   2.55  0.000e+00  0.000e+00
   2.65  0.000e+00  0.000e+00
   2.75  0.000e+00  0.000e+00
   2.85  0.000e+00  0.000e+00
   2.95  0.000e+00  0.000e+00
   3.05  0.000e+00  0.000e+00
   3.15  0.000e+00  0.000e+00
   3.25  0.000e+00  0.000e+00
   3.35  0.000e+00  0.000e+00
   3.45  0.000e+00  0.000e+00
   3.55  0.000e+00  0.000e+00
   3.65  0.000e+00  0.000e+00
   3.75  0.000e+00  0.000e+00
   3.85  0.000e+00  0.000e+00
   3.95  0.000e+00  0.000e+00
   4.05  0.000e+00  0.000e+00
   4.15  0.000e+00  0.000e+00
   4.25  0.000e+00  0.000e+00
   4.35  0.000e+00  0.000e+00
   4.45  0.000e+00  0.000e+00
   4.55  0.000e+00  0.000e+00
   4.65  0.000e+00  0.000e+00
   4.75  0.000e+00  0.000e+00
   4.85  0.000e+00  0.000e+00
   4.95  0.000e+00  0.000e+00
