   0.05  2.552e-02 -9.153e-04
   0.15  2.627e-02 -1.346e-03
   0.25  2.396e-02 -4.792e-03
   0.35  1.909e-02 -1.265e-03
   0.45  1.621e-02 -1.507e-03
   0.55  1.513e-02 -4.146e-03
   0.65  1.876e-02 -3.500e-04
   0.75  1.661e-02  1.911e-03
   0.85  1.822e-02  4.576e-04
   0.95  1.669e-02  5.922e-04
   1.05  1.707e-02  9.153e-04
   1.15  1.440e-02 -1.750e-03
   1.25  1.429e-02  2.692e-05
   1.35  9.987e-03 -1.050e-03
   1.45  1.193e-02  2.288e-03
   1.55  1.195e-02  2.692e-04
   1.65  7.295e-03  1.346e-04
   1.75  6.461e-03 -2.154e-03
   1.85  8.453e-03  7.537e-04
   1.95  8.103e-03  1.696e-03
   2.05  6.165e-03 -1.050e-03
   2.15  4.845e-03 -2.154e-04
   2.25  3.849e-03  1.319e-03
   2.35  3.392e-03  1.077e-04
   2.45  1.615e-03  5.384e-05
   2.55  1.373e-03  4.576e-04
   2.65  8.614e-04 -4.307e-04
   2.75  1.077e-03 -2.154e-04
   2.85  6.191e-04 -2.692e-05
   2.95  6.730e-04  5.115e-04
   3.05  4.038e-04 -2.692e-05
   3.15  2.692e-04  2.154e-04
   3.25  2.692e-04  2.154e-04
   3.35  2.692e-05  1.346e-04
   3.45  5.384e-04  1.077e-04
   3.55  8.076e-05  1.884e-04
   3.65  0.000e+00 -5.384e-05
   3.75  1.615e-04 -1.615e-04
   3.85  8.076e-05  2.692e-05
   3.95  8.076e-05  1.346e-04
   4.05  1.884e-04 -2.692e-05
   4.15 -1.077e-04  0.000e+00
   4.25  1.615e-04  5.384e-05
   4.35  2.692e-05  1.346e-04
   4.45 -2.692e-05 -2.692e-05
   4.55 -2.692e-05 -2.692e-05
   4.65  0.000e+00  5.384e-05
   4.75  2.692e-05  8.076e-05
   4.85 -2.692e-05 -2.692e-05
   4.95 -5.384e-05 -5.384e-05
