   0.05  1.853e-01 -1.465e-02
   0.15  1.780e-01  6.200e-04
   0.25  1.977e-01 -8.063e-03
   0.35  1.671e-01  2.510e-03
   0.45  1.553e-01 -8.638e-03
   0.55  1.231e-01  4.351e-03
   0.65  1.049e-01  2.048e-03
   0.75  9.547e-02  8.031e-03
   0.85  8.978e-02 -1.227e-02
   0.95  7.530e-02  1.395e-03
   1.05  4.983e-02 -6.018e-03
   1.15  4.848e-02  2.147e-03
   1.25  3.800e-02 -3.249e-03
   1.35  3.087e-02 -2.191e-03
   1.45  2.831e-02 -8.795e-03
   1.55  3.077e-02 -1.339e-03
   1.65  2.644e-02  2.562e-03
   1.75  2.970e-02 -1.202e-02
   1.85  1.672e-02 -2.142e-03
   1.95  1.445e-02  1.103e-03
   2.05  0.000e+00  0.000e+00
   2.15  0.000e+00  0.000e+00
   2.25  0.000e+00  0.000e+00
   2.35  0.000e+00  0.000e+00
   2.45  0.000e+00  0.000e+00
   2.55  0.000e+00  0.000e+00
   2.65  0.000e+00  0.000e+00
   2.75  0.000e+00  0.000e+00
   2.85  0.000e+00  0.000e+00
   2.95  0.000e+00  0.000e+00
   3.05  0.000e+00  0.000e+00
   3.15  0.000e+00  0.000e+00
   3.25  0.000e+00  0.000e+00
   3.35  0.000e+00  0.000e+00
   3.45  0.000e+00  0.000e+00
   3.55  0.000e+00  0.000e+00
   3.65  0.000e+00  0.000e+00
   3.75  0.000e+00  0.000e+00
   3.85  0.000e+00  0.000e+00
   3.95  0.000e+00  0.000e+00
   4.05  0.000e+00  0.000e+00
   4.15  0.000e+00  0.000e+00
   4.25  0.000e+00  0.000e+00
   4.35  0.000e+00  0.000e+00
   4.45  0.000e+00  0.000e+00
   4.55  0.000e+00  0.000e+00
   4.65  0.000e+00  0.000e+00
   4.75  0.000e+00  0.000e+00
   4.85  0.000e+00  0.000e+00
   4.95  0.000e+00  0.000e+00
