   0.05  2.104e-01 -7.469e-03
   0.15  2.572e-01  4.638e-03
   0.25  2.168e-01  4.140e-03
   0.35  2.006e-01 -1.448e-02
   0.45  1.713e-01 -9.597e-03
   0.55  1.403e-01 -2.290e-03
   0.65  1.458e-01 -3.614e-03
   0.75  1.188e-01  8.015e-03
   0.85  1.111e-01  2.301e-02
   0.95  8.740e-02 -1.285e-02
   1.05  6.855e-02 -1.166e-02
   1.15  8.350e-02  2.263e-02
   1.25  7.326e-02 -1.285e-02
   1.35  4.644e-02  4.331e-03
   1.45  4.700e-02  2.528e-03
   1.55  4.367e-02 -1.045e-02
   1.65  4.173e-02  1.368e-04
   1.75  2.784e-02  9.531e-04
   1.85  3.448e-02  1.650e-03
   1.95  2.027e-02 -2.707e-03
   2.05  7.793e-03 -2.379e-03
   2.15  7.670e-03 -3.409e-03
   2.25  1.394e-02  4.375e-03
   2.35  2.136e-03  2.911e-03
   2.45  3.719e-03 -5.926e-04
   2.55 -2.905e-03 -6.523e-04
   2.65 -8.656e-04  8.158e-04
   2.75  4.386e-03  5.866e-03
   2.85  3.608e-04  1.176e-03
   2.95  1.156e-03  2.907e-03
   3.05 -2.278e-04 -5.828e-04
   3.15 -9.193e-04  2.139e-03
   3.25  7.083e-04 -8.139e-04
   3.35 -9.024e-04 -5.572e-05
   3.45  2.916e-03 -5.578e-04
   3.55  7.301e-04 -3.248e-04
   3.65  4.122e-04  8.287e-04
   3.75  7.651e-04  1.734e-03
   3.85 -3.798e-04 -8.327e-05
   3.95  7.730e-04 -1.919e-03
   4.05 -6.164e-04 -9.522e-04
   4.15  8.346e-04 -6.994e-04
   4.25  3.317e-04 -3.479e-04
   4.35  3.610e-04 -8.292e-05
   4.45 -4.984e-05  2.194e-05
   4.55 -4.573e-04 -5.218e-04
   4.65  1.363e-04  1.363e-04
   4.75  0.000e+00  0.000e+00
   4.85 -8.774e-05 -1.522e-04
   4.95 -2.393e-04  2.393e-04
