-173.57  3.524e-04  5.500e-05
-160.71  3.707e-04 -6.926e-05
-147.86  4.522e-04  6.518e-05
-135.00  4.909e-04  4.685e-05
-122.14  4.991e-04 -2.648e-05
-109.29  4.848e-04  6.926e-05
 -96.43  5.805e-04  6.315e-05
 -83.57  1.006e-03 -9.778e-05
 -70.71  1.004e-03 -2.037e-06
 -57.86  1.505e-03  1.080e-04
 -45.00  1.776e-03 -1.833e-04
 -32.14  2.418e-03 -8.759e-05
 -19.29  2.774e-03 -1.222e-05
  -6.43  3.029e-03 -1.283e-04
   6.43  2.876e-03 -1.630e-05
  19.29  2.658e-03 -3.056e-05
  32.14  2.483e-03  2.241e-05
  45.00  1.705e-03 -1.324e-04
  57.86  1.267e-03 -8.555e-05
  70.71  1.298e-03 -3.463e-05
  83.57  8.168e-04  9.167e-05
  96.43  6.742e-04 -2.017e-04
 109.29  5.846e-04 -7.537e-05
 122.14  5.602e-04 -5.907e-05
 135.00  4.767e-04 -4.481e-05
 147.86  3.646e-04 -8.759e-05
 160.71  3.483e-04  4.685e-05
 173.57  2.668e-04 -6.722e-05
