   0.05  2.383e-01  5.414e-02
   0.15  2.665e-01  6.238e-02
   0.25  2.174e-01  4.727e-02
   0.35  1.256e-01  1.144e-02
   0.45  1.912e-01  1.330e-02
   0.55  1.464e-01 -1.352e-02
   0.65  1.335e-01  5.181e-02
   0.75  1.068e-01  2.345e-02
   0.85  7.490e-02  2.185e-02
   0.95  1.061e-01  3.713e-03
   1.05  9.589e-02  4.819e-02
   1.15  5.092e-02 -6.706e-03
   1.25  3.298e-02  3.021e-02
   1.35  3.739e-02  4.027e-04
   1.45  6.589e-02 -1.036e-02
   1.55  4.419e-02 -1.920e-03
   1.65  3.607e-02 -2.180e-02
   1.75  1.461e-02 -9.516e-03
   1.85  1.726e-02  5.676e-04
   1.95  1.916e-02 -2.778e-02
   2.05  1.608e-02  4.097e-03
   2.15  1.405e-02  1.451e-02
   2.25 -3.596e-03 -7.581e-04
   2.35  1.034e-02 -4.706e-03
   2.45  8.249e-03 -2.508e-03
   2.55 -3.819e-03 -6.842e-03
   2.65  7.301e-03  2.154e-03
   2.75 -1.004e-03  1.027e-03
   2.85  4.281e-03  1.617e-03
   2.95  4.792e-03  8.655e-04
   3.05  1.285e-03 -8.682e-04
   3.15  1.083e-03 -8.874e-04
   3.25 -2.291e-03 -1.479e-03
   3.35 -4.517e-04 -1.460e-03
   3.45 -1.580e-03  1.529e-03
   3.55  2.351e-04 -5.368e-04
   3.65 -2.592e-03  7.038e-04
   3.75  5.021e-04  6.018e-04
   3.85  2.229e-04  5.057e-04
   3.95  3.273e-05  6.444e-04
   4.05  1.660e-03  9.670e-04
   4.15  1.853e-04 -1.853e-04
   4.25 -1.379e-03  1.333e-03
   4.35  6.100e-04  4.234e-04
   4.45  1.053e-03  4.463e-04
   4.55 -5.789e-04  8.427e-04
   4.65  0.000e+00  0.000e+00
   4.75  1.503e-03  1.693e-03
   4.85 -1.247e-04 -1.247e-04
   4.95  0.000e+00  0.000e+00
