   0.05  1.169e-01 -1.156e-02
   0.15  1.503e-01  1.285e-03
   0.25  1.323e-01 -1.413e-02
   0.35  1.748e-01 -2.313e-02
   0.45  2.262e-01  2.313e-02
   0.55  2.030e-01 -1.285e-02
   0.65  2.441e-01  3.598e-02
   0.75  2.210e-01  2.570e-03
   0.85  2.184e-01  5.140e-03
   0.95  1.934e-01  9.637e-03
   1.05  1.632e-01  1.285e-03
   1.15  1.972e-01 -9.637e-03
   1.25  1.799e-01  2.570e-02
   1.35  1.542e-01 -5.140e-03
   1.45  1.568e-01  0.000e+00
   1.55  1.323e-01 -6.425e-03
   1.65  1.401e-01 -3.855e-03
   1.75  1.298e-01 -1.285e-03
   1.85  1.015e-01 -6.425e-03
   1.95  8.416e-02  1.478e-02
   2.05  0.000e+00  0.000e+00
   2.15  0.000e+00  0.000e+00
   2.25  0.000e+00  0.000e+00
   2.35  0.000e+00  0.000e+00
   2.45  0.000e+00  0.000e+00
   2.55  0.000e+00  0.000e+00
   2.65  0.000e+00  0.000e+00
   2.75  0.000e+00  0.000e+00
   2.85  0.000e+00  0.000e+00
   2.95  0.000e+00  0.000e+00
   3.05  0.000e+00  0.000e+00
   3.15  0.000e+00  0.000e+00
   3.25  0.000e+00  0.000e+00
   3.35  0.000e+00  0.000e+00
   3.45  0.000e+00  0.000e+00
   3.55  0.000e+00  0.000e+00
   3.65  0.000e+00  0.000e+00
   3.75  0.000e+00  0.000e+00
   3.85  0.000e+00  0.000e+00
   3.95  0.000e+00  0.000e+00
   4.05  0.000e+00  0.000e+00
   4.15  0.000e+00  0.000e+00
   4.25  0.000e+00  0.000e+00
   4.35  0.000e+00  0.000e+00
   4.45  0.000e+00  0.000e+00
   4.55  0.000e+00  0.000e+00
   4.65  0.000e+00  0.000e+00
   4.75  0.000e+00  0.000e+00
   4.85  0.000e+00  0.000e+00
   4.95  0.000e+00  0.000e+00
