   0.05  3.267e-02  3.267e-02
   0.15  3.039e-02  3.039e-02
   0.25  2.542e-02  2.542e-02
   0.35  2.620e-02  2.620e-02
   0.45  3.064e-02  3.064e-02
   0.55  2.892e-02  2.892e-02
   0.65  2.028e-02  2.028e-02
   0.75  1.753e-02  1.753e-02
   0.85  1.631e-02  1.631e-02
   0.95  1.813e-02  1.813e-02
   1.05  1.761e-02  1.761e-02
   1.15  1.430e-02  1.430e-02
   1.25  1.435e-02  1.435e-02
   1.35  1.172e-02  1.172e-02
   1.45  1.131e-02  1.131e-02
   1.55  8.617e-03  8.617e-03
   1.65  8.209e-03  8.209e-03
   1.75  8.617e-03  8.617e-03
   1.85  5.219e-03  5.219e-03
   1.95  3.833e-03  3.833e-03
   2.05  2.528e-03  2.528e-03
   2.15  2.012e-03  2.012e-03
   2.25  1.522e-03  1.522e-03
   2.35 -1.087e-04 -1.087e-04
   2.45  1.087e-04  1.087e-04
   2.55 -1.087e-04 -1.087e-04
   2.65  0.000e+00  0.000e+00
   2.75 -1.087e-04 -1.087e-04
   2.85 -1.631e-04 -1.631e-04
   2.95  5.437e-05  5.437e-05
   3.05  0.000e+00  0.000e+00
   3.15  0.000e+00  0.000e+00
   3.25  0.000e+00  0.000e+00
   3.35  0.000e+00  0.000e+00
   3.45  0.000e+00  0.000e+00
   3.55  0.000e+00  0.000e+00
   3.65  0.000e+00  0.000e+00
   3.75  0.000e+00  0.000e+00
   3.85  0.000e+00  0.000e+00
   3.95  0.000e+00  0.000e+00
   4.05  0.000e+00  0.000e+00
   4.15  0.000e+00  0.000e+00
   4.25  0.000e+00  0.000e+00
   4.35  0.000e+00  0.000e+00
   4.45  0.000e+00  0.000e+00
   4.55  0.000e+00  0.000e+00
   4.65  0.000e+00  0.000e+00
   4.75  0.000e+00  0.000e+00
   4.85  0.000e+00  0.000e+00
   4.95  0.000e+00  0.000e+00
