   0.05  1.312e-01 -7.834e-03
   0.15  1.056e-01 -1.265e-02
   0.25  7.790e-02 -4.035e-03
   0.35  8.101e-02 -8.178e-03
   0.45  6.118e-02  4.021e-03
   0.55  2.506e-02 -1.060e-02
   0.65  2.817e-02 -2.769e-03
   0.75  1.545e-02 -1.093e-02
   0.85 -4.845e-03  9.135e-03
   0.95 -3.642e-03  7.879e-03
   1.05 -7.779e-03 -3.301e-03
   1.15 -1.494e-02  2.017e-04
   1.25 -1.606e-02  1.763e-03
   1.35 -7.372e-03  8.846e-03
   1.45 -2.156e-02 -9.444e-04
   1.55 -1.759e-02 -3.769e-04
   1.65 -1.134e-02  4.202e-03
   1.75 -1.801e-02  1.290e-03
   1.85 -1.313e-02 -5.214e-03
   1.95 -1.217e-02 -5.977e-03
   2.05  0.000e+00  0.000e+00
   2.15  0.000e+00  0.000e+00
   2.25  0.000e+00  0.000e+00
   2.35  0.000e+00  0.000e+00
   2.45  0.000e+00  0.000e+00
   2.55  0.000e+00  0.000e+00
   2.65  0.000e+00  0.000e+00
   2.75  0.000e+00  0.000e+00
   2.85  0.000e+00  0.000e+00
   2.95  0.000e+00  0.000e+00
   3.05  0.000e+00  0.000e+00
   3.15  0.000e+00  0.000e+00
   3.25  0.000e+00  0.000e+00
   3.35  0.000e+00  0.000e+00
   3.45  0.000e+00  0.000e+00
   3.55  0.000e+00  0.000e+00
   3.65  0.000e+00  0.000e+00
   3.75  0.000e+00  0.000e+00
   3.85  0.000e+00  0.000e+00
   3.95  0.000e+00  0.000e+00
   4.05  0.000e+00  0.000e+00
   4.15  0.000e+00  0.000e+00
   4.25  0.000e+00  0.000e+00
   4.35  0.000e+00  0.000e+00
   4.45  0.000e+00  0.000e+00
   4.55  0.000e+00  0.000e+00
   4.65  0.000e+00  0.000e+00
   4.75  0.000e+00  0.000e+00
   4.85  0.000e+00  0.000e+00
   4.95  0.000e+00  0.000e+00
