   0.05  4.601e-01 -6.195e-02
   0.15  4.290e-01 -4.640e-02
   0.25  4.733e-01  1.970e-02
   0.35  4.160e-01  7.517e-03
   0.45  3.447e-01  4.147e-03
   0.55  3.574e-01 -3.396e-02
   0.65  3.149e-01 -2.877e-02
   0.75  2.719e-01 -2.151e-02
   0.85  2.514e-01  1.400e-02
   0.95  1.786e-01 -2.592e-04
   1.05  1.501e-01 -1.581e-02
   1.15  1.509e-01 -1.711e-02
   1.25  1.213e-01 -2.592e-03
   1.35  1.200e-01  3.888e-03
   1.45  1.058e-01 -7.776e-03
   1.55  9.124e-02 -9.331e-03
   1.65  6.713e-02  1.814e-03
   1.75  7.413e-02 -1.037e-03
   1.85  6.947e-02 -1.866e-02
   1.95  7.232e-02  2.333e-03
   2.05  0.000e+00  0.000e+00
   2.15  0.000e+00  0.000e+00
   2.25  0.000e+00  0.000e+00
   2.35  0.000e+00  0.000e+00
   2.45  0.000e+00  0.000e+00
   2.55  0.000e+00  0.000e+00
   2.65  0.000e+00  0.000e+00
   2.75  0.000e+00  0.000e+00
   2.85  0.000e+00  0.000e+00
   2.95  0.000e+00  0.000e+00
   3.05  0.000e+00  0.000e+00
   3.15  0.000e+00  0.000e+00
   3.25  0.000e+00  0.000e+00
   3.35  0.000e+00  0.000e+00
   3.45  0.000e+00  0.000e+00
   3.55  0.000e+00  0.000e+00
   3.65  0.000e+00  0.000e+00
   3.75  0.000e+00  0.000e+00
   3.85  0.000e+00  0.000e+00
   3.95  0.000e+00  0.000e+00
   4.05  0.000e+00  0.000e+00
   4.15  0.000e+00  0.000e+00
   4.25  0.000e+00  0.000e+00
   4.35  0.000e+00  0.000e+00
   4.45  0.000e+00  0.000e+00
   4.55  0.000e+00  0.000e+00
   4.65  0.000e+00  0.000e+00
   4.75  0.000e+00  0.000e+00
   4.85  0.000e+00  0.000e+00
   4.95  0.000e+00  0.000e+00
