   0.05  1.179e-01  5.777e-03
   0.15  1.597e-01  4.078e-03
   0.25  1.369e-01 -2.005e-02
   0.35  1.203e-01  6.796e-03
   0.45  1.488e-01 -2.447e-02
   0.55  1.686e-01 -1.019e-02
   0.65  1.403e-01 -2.073e-02
   0.75  1.431e-01 -5.097e-03
   0.85  1.577e-01  5.437e-03
   0.95  1.764e-01  2.005e-02
   1.05  1.522e-01  1.019e-02
   1.15  1.410e-01 -1.257e-02
   1.25  1.271e-01 -1.223e-02
   1.35  1.332e-01  6.796e-04
   1.45  1.227e-01 -5.097e-03
   1.55  1.064e-01 -6.457e-03
   1.65  1.118e-01  2.379e-03
   1.75  9.447e-02  8.156e-03
   1.85  9.413e-02  1.699e-03
   1.95  8.733e-02  3.738e-03
   2.05  6.219e-02  1.699e-03
   2.15  5.063e-02  7.136e-03
   2.25  4.010e-02  1.019e-02
   2.35  3.228e-02 -4.418e-03
   2.45  2.141e-02 -1.019e-03
   2.55  1.937e-02 -1.019e-03
   2.65  1.529e-02 -4.418e-03
   2.75  1.155e-02  6.796e-04
   2.85  1.019e-02 -2.719e-03
   2.95  3.058e-03 -3.398e-04
   3.05  5.097e-03 -1.699e-03
   3.15  4.758e-03 -2.719e-03
   3.25  4.078e-03 -1.359e-03
   3.35  2.379e-03 -3.398e-04
   3.45  2.719e-03  1.359e-03
   3.55  2.039e-03  0.000e+00
   3.65  3.398e-04 -1.019e-03
   3.75  1.699e-03  1.019e-03
   3.85  1.019e-03  1.019e-03
   3.95  3.398e-04  3.398e-04
   4.05  6.796e-04 -6.796e-04
   4.15  3.398e-04  3.398e-04
   4.25  6.796e-04  0.000e+00
   4.35  6.796e-04  6.796e-04
   4.45  0.000e+00  0.000e+00
   4.55  6.796e-04  0.000e+00
   4.65  0.000e+00  0.000e+00
   4.75  0.000e+00  0.000e+00
   4.85  0.000e+00  0.000e+00
   4.95  6.796e-04  0.000e+00
