   0.05  1.865e-01  2.232e-02
   0.15  1.832e-01 -3.530e-02
   0.25  2.272e-01  2.971e-02
   0.35  1.552e-01 -2.604e-02
   0.45  1.438e-01  8.761e-03
   0.55  1.631e-01  2.289e-02
   0.65  1.456e-01 -2.559e-03
   0.75  8.212e-02 -9.466e-03
   0.85  9.708e-02 -8.760e-03
   0.95  7.582e-02  4.370e-03
   1.05  9.228e-02 -2.491e-04
   1.15  6.324e-02 -1.428e-02
   1.25  6.101e-02 -7.519e-03
   1.35  5.605e-02  8.606e-03
   1.45  7.059e-02 -2.313e-03
   1.55  2.429e-02 -2.630e-02
   1.65  3.492e-02  7.651e-03
   1.75  1.976e-02 -8.523e-03
   1.85  2.606e-02  1.298e-02
   1.95  1.747e-02  1.268e-02
   2.05  6.955e-03 -1.581e-03
   2.15  8.344e-03 -4.152e-03
   2.25  6.777e-03 -5.531e-03
   2.35  3.102e-03  5.546e-03
   2.45 -3.951e-03  1.418e-03
   2.55  2.496e-03  8.408e-04
   2.65  3.160e-03 -4.436e-03
   2.75 -1.234e-04 -9.928e-04
   2.85 -3.463e-03 -5.155e-03
   2.95  1.689e-03 -2.245e-03
   3.05  8.095e-04 -2.434e-03
   3.15  4.719e-04 -1.696e-03
   3.25 -1.254e-03  1.135e-04
   3.35 -4.298e-04  2.485e-03
   3.45  9.846e-04 -1.730e-03
   3.55 -1.114e-03 -7.111e-04
   3.65 -1.215e-03 -4.514e-04
   3.75  1.036e-03  3.948e-03
   3.85 -3.203e-04  3.203e-04
   3.95 -1.223e-04  4.706e-04
   4.05  1.095e-03 -6.395e-04
   4.15 -9.686e-04  1.116e-04
   4.25 -1.036e-03  5.628e-04
   4.35 -1.490e-03  8.917e-04
   4.45 -3.079e-04  3.079e-04
   4.55 -2.815e-05  9.910e-05
   4.65  0.000e+00  0.000e+00
   4.75 -5.451e-04 -5.451e-04
   4.85  0.000e+00  0.000e+00
   4.95  0.000e+00  0.000e+00
