   0.05  4.389e-01  3.399e-02
   0.15  4.335e-01 -2.364e-02
   0.25  4.015e-01  3.596e-02
   0.35  3.187e-01 -3.448e-03
   0.45  3.798e-01 -3.448e-03
   0.55  2.778e-01 -2.364e-02
   0.65  2.276e-01  1.576e-02
   0.75  2.276e-01 -3.744e-02
   0.85  2.241e-01 -3.793e-02
   0.95  2.281e-01 -2.020e-02
   1.05  1.901e-01 -1.084e-02
   1.15  1.690e-01  2.463e-03
   1.25  1.084e-01 -1.281e-02
   1.35  1.325e-01 -1.478e-03
   1.45  9.261e-02  1.872e-02
   1.55  9.606e-02  1.626e-02
   1.65  7.586e-02 -5.911e-03
   1.75  1.064e-01 -2.364e-02
   1.85  4.286e-02  1.231e-02
   1.95  5.862e-02  9.359e-03
   2.05  5.665e-02 -3.448e-03
   2.15  4.778e-02 -3.448e-03
   2.25  2.808e-02 -4.433e-03
   2.35  2.611e-02  1.429e-02
   2.45  6.896e-03  5.911e-03
   2.55  7.389e-03 -4.433e-03
   2.65  1.330e-02  1.478e-03
   2.75  9.852e-04 -5.911e-03
   2.85  2.956e-03  2.956e-03
   2.95  6.404e-03 -8.374e-03
   3.05 -9.852e-04  0.000e+00
   3.15  1.970e-03  3.941e-03
   3.25  1.970e-03 -2.956e-03
   3.35  9.852e-04 -9.852e-04
   3.45 -2.956e-03  5.911e-03
   3.55  9.852e-04 -9.852e-04
   3.65  3.448e-03 -4.926e-04
   3.75  4.926e-04  4.926e-04
   3.85  4.926e-04 -1.478e-03
   3.95  9.852e-04  0.000e+00
   4.05 -4.926e-04 -4.926e-04
   4.15  9.852e-04  0.000e+00
   4.25  0.000e+00 -9.852e-04
   4.35 -4.926e-04  1.478e-03
   4.45  9.852e-04  1.970e-03
   4.55 -4.926e-04  4.926e-04
   4.65  0.000e+00 -9.852e-04
   4.75 -4.926e-04  4.926e-04
   4.85  9.852e-04 -9.852e-04
   4.95  0.000e+00  0.000e+00
