   0.05  4.499e-01 -9.997e-04
   0.15  3.234e-01 -1.450e-02
   0.25  3.309e-01  8.997e-03
   0.35  3.809e-01  2.999e-03
   0.45  3.189e-01 -6.198e-02
   0.55  2.769e-01  2.899e-02
   0.65  2.804e-01  2.949e-02
   0.75  2.334e-01 -4.998e-04
   0.85  1.769e-01  1.599e-02
   0.95  1.964e-01  9.497e-03
   1.05  1.824e-01 -2.249e-02
   1.15  1.250e-01 -2.299e-02
   1.25  1.579e-01 -6.998e-03
   1.35  1.315e-01  2.549e-02
   1.45  1.115e-01 -1.150e-02
   1.55  1.010e-01 -1.500e-02
   1.65  1.060e-01 -1.100e-02
   1.75  8.297e-02  8.997e-03
   1.85  6.448e-02 -4.499e-03
   1.95  5.998e-02 -1.100e-02
   2.05  5.948e-02 -1.500e-03
   2.15  2.699e-02  6.998e-03
   2.25  2.699e-02 -1.500e-02
   2.35  1.849e-02 -5.498e-03
   2.45  4.499e-03 -1.550e-02
   2.55  1.749e-02 -1.350e-02
   2.65 -1.999e-03 -2.999e-03
   2.75  8.497e-03  5.498e-03
   2.85  2.999e-03  4.998e-03
   2.95  0.000e+00 -2.999e-03
   3.05  1.500e-03  9.497e-03
   3.15  0.000e+00 -4.998e-03
   3.25  4.998e-04  4.998e-04
   3.35  4.998e-04 -1.500e-03
   3.45  1.500e-03 -1.500e-03
   3.55  2.499e-03  4.998e-04
   3.65 -4.998e-04  4.998e-04
   3.75  9.997e-04  0.000e+00
   3.85  4.998e-04  1.500e-03
   3.95  4.998e-04  4.998e-04
   4.05  4.998e-04 -4.998e-04
   4.15 -4.998e-04  4.998e-04
   4.25  4.998e-04 -4.998e-04
   4.35  4.998e-04 -4.998e-04
   4.45  9.997e-04 -9.997e-04
   4.55 -4.998e-04  4.998e-04
   4.65  4.998e-04 -4.998e-04
   4.75  0.000e+00  0.000e+00
   4.85  9.997e-04  9.997e-04
   4.95  4.998e-04 -4.998e-04
