-173.57  2.043e-04 -4.006e-06
-160.71  4.246e-04 -1.162e-04
-147.86  4.446e-04 -1.202e-04
-135.00  3.865e-04  2.604e-05
-122.14  5.928e-04 -7.611e-05
-109.29  5.347e-04 -1.142e-04
 -96.43  7.030e-04 -1.702e-04
 -83.57  8.011e-04  1.362e-04
 -70.71  1.236e-03 -1.001e-05
 -57.86  1.330e-03 -2.403e-05
 -45.00  1.893e-03 -1.863e-04
 -32.14  2.317e-03 -3.104e-04
 -19.29  2.536e-03  0.000e+00
  -6.43  3.012e-03 -6.809e-05
   6.43  2.680e-03  2.604e-04
  19.29  2.648e-03 -8.812e-05
  32.14  2.039e-03 -1.362e-04
  45.00  1.853e-03 -2.003e-06
  57.86  1.598e-03 -2.203e-04
  70.71  1.128e-03  1.302e-04
  83.57  9.093e-04 -1.963e-04
  96.43  1.098e-03  4.006e-05
 109.29  6.108e-04 -1.021e-04
 122.14  6.309e-04  1.802e-05
 135.00  3.825e-04 -3.405e-05
 147.86  4.706e-04 -1.742e-04
 160.71  4.466e-04 -5.808e-05
 173.57  3.184e-04 -3.004e-05
