   0.05  5.380e-01  5.380e-01
   0.15  4.608e-01  4.608e-01
   0.25  5.057e-01  5.057e-01
   0.35  4.909e-01  4.909e-01
   0.45  4.071e-01  4.071e-01
   0.55  2.980e-01  2.980e-01
   0.65  2.334e-01  2.334e-01
   0.75  2.159e-01  2.159e-01
   0.85  1.835e-01  1.835e-01
   0.95  1.518e-01  1.518e-01
   1.05  1.178e-01  1.178e-01
   1.15  1.090e-01  1.090e-01
   1.25  1.079e-01  1.079e-01
   1.35  8.273e-02  8.273e-02
   1.45  8.766e-02  8.766e-02
   1.55  7.725e-02  7.725e-02
   1.65  3.890e-02  3.890e-02
   1.75  4.821e-02  4.821e-02
   1.85  5.972e-02  5.972e-02
   1.95  3.178e-02  3.178e-02
   2.05  2.246e-02  2.246e-02
   2.15  1.151e-02  1.151e-02
   2.25  1.151e-02  1.151e-02
   2.35 -1.644e-03 -1.644e-03
   2.45  1.644e-03  1.644e-03
   2.55  0.000e+00  0.000e+00
   2.65 -1.096e-03 -1.096e-03
   2.75  0.000e+00  0.000e+00
   2.85  1.096e-03  1.096e-03
   2.95  0.000e+00  0.000e+00
   3.05  0.000e+00  0.000e+00
   3.15  0.000e+00  0.000e+00
   3.25  0.000e+00  0.000e+00
   3.35 -5.479e-04 -5.479e-04
   3.45  0.000e+00  0.000e+00
   3.55  0.000e+00  0.000e+00
   3.65  0.000e+00  0.000e+00
   3.75  0.000e+00  0.000e+00
   3.85  0.000e+00  0.000e+00
   3.95  0.000e+00  0.000e+00
   4.05  0.000e+00  0.000e+00
   4.15  0.000e+00  0.000e+00
   4.25  0.000e+00  0.000e+00
   4.35  0.000e+00  0.000e+00
   4.45  0.000e+00  0.000e+00
   4.55  0.000e+00  0.000e+00
   4.65  0.000e+00  0.000e+00
   4.75  0.000e+00  0.000e+00
   4.85  0.000e+00  0.000e+00
   4.95  0.000e+00  0.000e+00
