   0.05  4.710e-01  4.302e-02
   0.15  4.336e-01  1.416e-02
   0.25  4.173e-01 -5.451e-02
   0.35  4.147e-01  3.046e-02
   0.45  3.618e-01  1.122e-02
   0.55  3.380e-01  4.622e-02
   0.65  3.118e-01  2.218e-02
   0.75  3.065e-01  4.195e-02
   0.85  2.541e-01 -2.752e-02
   0.95  2.394e-01  2.137e-02
   1.05  1.913e-01  4.275e-03
   1.15  1.568e-01  2.218e-02
   1.25  1.264e-01 -3.928e-02
   1.35  1.154e-01 -5.344e-04
   1.45  9.432e-02 -4.783e-02
   1.55  8.790e-02 -1.897e-02
   1.65  7.588e-02 -9.619e-03
   1.75  8.229e-02 -2.939e-02
   1.85  7.187e-02 -1.897e-02
   1.95  5.290e-02 -6.412e-03
   2.05  0.000e+00  0.000e+00
   2.15  0.000e+00  0.000e+00
   2.25  0.000e+00  0.000e+00
   2.35  0.000e+00  0.000e+00
   2.45  0.000e+00  0.000e+00
   2.55  0.000e+00  0.000e+00
   2.65  0.000e+00  0.000e+00
   2.75  0.000e+00  0.000e+00
   2.85  0.000e+00  0.000e+00
   2.95  0.000e+00  0.000e+00
   3.05  0.000e+00  0.000e+00
   3.15  0.000e+00  0.000e+00
   3.25  0.000e+00  0.000e+00
   3.35  0.000e+00  0.000e+00
   3.45  0.000e+00  0.000e+00
   3.55  0.000e+00  0.000e+00
   3.65  0.000e+00  0.000e+00
   3.75  0.000e+00  0.000e+00
   3.85  0.000e+00  0.000e+00
   3.95  0.000e+00  0.000e+00
   4.05  0.000e+00  0.000e+00
   4.15  0.000e+00  0.000e+00
   4.25  0.000e+00  0.000e+00
   4.35  0.000e+00  0.000e+00
   4.45  0.000e+00  0.000e+00
   4.55  0.000e+00  0.000e+00
   4.65  0.000e+00  0.000e+00
   4.75  0.000e+00  0.000e+00
   4.85  0.000e+00  0.000e+00
   4.95  0.000e+00  0.000e+00
