   0.05  5.512e-02 -3.769e-02
   0.15  3.956e-02  3.278e-02
   0.25  4.803e-02 -3.895e-02
   0.35  4.032e-03 -2.340e-03
   0.45  5.599e-02  3.851e-02
   0.55  6.326e-02  5.411e-03
   0.65  9.515e-02  2.047e-02
   0.75  9.612e-02 -4.336e-03
   0.85  9.862e-02  4.364e-04
   0.95  9.390e-02  7.651e-03
   1.05  7.756e-02  8.441e-03
   1.15  5.230e-02 -1.836e-03
   1.25  7.808e-02 -7.718e-03
   1.35  7.243e-02 -1.982e-02
   1.45  7.388e-02 -4.258e-03
   1.55  8.889e-02  7.087e-03
   1.65  6.351e-02 -9.891e-03
   1.75  6.607e-02  4.692e-03
   1.85  5.110e-02 -2.749e-03
   1.95  4.413e-02  1.386e-02
   2.05  4.640e-02  9.085e-03
   2.15  3.882e-02 -8.206e-04
   2.25  2.013e-02 -2.269e-03
   2.35  2.750e-02 -4.806e-03
   2.45  2.948e-03 -2.763e-03
   2.55  1.555e-02 -1.771e-03
   2.65  8.640e-03  2.685e-03
   2.75  4.373e-03  2.542e-04
   2.85  2.481e-04  2.257e-03
   2.95  1.212e-03  4.305e-03
   3.05  3.830e-03  3.122e-03
   3.15  2.529e-03  4.437e-03
   3.25  3.188e-03  1.400e-03
   3.35  4.146e-04 -5.797e-04
   3.45 -1.459e-03 -2.118e-03
   3.55  6.980e-04  9.462e-05
   3.65 -6.442e-04  5.976e-04
   3.75  1.328e-03  6.613e-05
   3.85  1.660e-03 -2.156e-03
   3.95  2.415e-03 -1.215e-03
   4.05  6.047e-04  6.047e-04
   4.15  8.602e-04 -3.812e-04
   4.25  1.111e-03 -1.670e-04
   4.35 -1.255e-03 -5.552e-07
   4.45  1.031e-03  3.911e-04
   4.55  3.014e-04  3.014e-04
   4.65  4.261e-04 -4.261e-04
   4.75 -6.270e-04  6.270e-04
   4.85  3.912e-04 -3.912e-04
   4.95  0.000e+00  0.000e+00
