   0.05  3.931e-01 -4.414e-02
   0.15  4.636e-01 -1.907e-02
   0.25  4.135e-01 -4.258e-02
   0.35  3.934e-01  4.911e-02
   0.45  3.894e-01  1.019e-02
   0.55  3.265e-01  2.873e-02
   0.65  2.797e-01 -2.325e-02
   0.75  2.612e-01  1.672e-02
   0.85  2.604e-01  3.918e-03
   0.95  2.050e-01  3.996e-02
   1.05  1.693e-01  5.224e-04
   1.15  1.465e-01  8.620e-03
   1.25  1.397e-01  1.228e-02
   1.35  1.309e-01 -1.306e-03
   1.45  1.105e-01 -3.396e-03
   1.55  1.165e-01 -1.358e-02
   1.65  9.246e-02  1.410e-02
   1.75  7.523e-02 -1.515e-02
   1.85  7.523e-02 -1.776e-02
   1.95  4.702e-02 -5.224e-04
   2.05  0.000e+00  0.000e+00
   2.15  0.000e+00  0.000e+00
   2.25  0.000e+00  0.000e+00
   2.35  0.000e+00  0.000e+00
   2.45  0.000e+00  0.000e+00
   2.55  0.000e+00  0.000e+00
   2.65  0.000e+00  0.000e+00
   2.75  0.000e+00  0.000e+00
   2.85  0.000e+00  0.000e+00
   2.95  0.000e+00  0.000e+00
   3.05  0.000e+00  0.000e+00
   3.15  0.000e+00  0.000e+00
   3.25  0.000e+00  0.000e+00
   3.35  0.000e+00  0.000e+00
   3.45  0.000e+00  0.000e+00
   3.55  0.000e+00  0.000e+00
   3.65  0.000e+00  0.000e+00
   3.75  0.000e+00  0.000e+00
   3.85  0.000e+00  0.000e+00
   3.95  0.000e+00  0.000e+00
   4.05  0.000e+00  0.000e+00
   4.15  0.000e+00  0.000e+00
   4.25  0.000e+00  0.000e+00
   4.35  0.000e+00  0.000e+00
   4.45  0.000e+00  0.000e+00
   4.55  0.000e+00  0.000e+00
   4.65  0.000e+00  0.000e+00
   4.75  0.000e+00  0.000e+00
   4.85  0.000e+00  0.000e+00
   4.95  0.000e+00  0.000e+00
