   0.05  4.921e-01 -3.533e-02
   0.15  4.359e-01 -5.076e-02
   0.25  3.976e-01 -2.538e-02
   0.35  3.717e-01 -2.936e-02
   0.45  3.896e-01 -4.230e-02
   0.55  3.090e-01  4.479e-03
   0.65  2.831e-01 -2.637e-02
   0.75  2.160e-01  4.976e-02
   0.85  2.204e-01 -2.040e-02
   0.95  1.567e-01 -6.320e-02
   1.05  1.413e-01 -3.085e-02
   1.15  1.085e-01 -2.986e-03
   1.25  1.174e-01 -1.493e-02
   1.35  7.016e-02  1.443e-02
   1.45  7.912e-02 -1.244e-02
   1.55  6.867e-02 -2.986e-03
   1.65  1.105e-01  9.952e-04
   1.75  5.225e-02  8.459e-03
   1.85  7.365e-02 -3.981e-03
   1.95  5.922e-02  1.841e-02
   2.05  0.000e+00  0.000e+00
   2.15  0.000e+00  0.000e+00
   2.25  0.000e+00  0.000e+00
   2.35  0.000e+00  0.000e+00
   2.45  0.000e+00  0.000e+00
   2.55  0.000e+00  0.000e+00
   2.65  0.000e+00  0.000e+00
   2.75  0.000e+00  0.000e+00
   2.85  0.000e+00  0.000e+00
   2.95  0.000e+00  0.000e+00
   3.05  0.000e+00  0.000e+00
   3.15  0.000e+00  0.000e+00
   3.25  0.000e+00  0.000e+00
   3.35  0.000e+00  0.000e+00
   3.45  0.000e+00  0.000e+00
   3.55  0.000e+00  0.000e+00
   3.65  0.000e+00  0.000e+00
   3.75  0.000e+00  0.000e+00
   3.85  0.000e+00  0.000e+00
   3.95  0.000e+00  0.000e+00
   4.05  0.000e+00  0.000e+00
   4.15  0.000e+00  0.000e+00
   4.25  0.000e+00  0.000e+00
   4.35  0.000e+00  0.000e+00
   4.45  0.000e+00  0.000e+00
   4.55  0.000e+00  0.000e+00
   4.65  0.000e+00  0.000e+00
   4.75  0.000e+00  0.000e+00
   4.85  0.000e+00  0.000e+00
   4.95  0.000e+00  0.000e+00
