   0.05  3.816e-01 -2.500e-02
   0.15  3.790e-01  3.494e-03
   0.25  3.612e-01 -9.724e-03
   0.35  3.459e-01 -1.789e-02
   0.45  3.143e-01 -8.630e-03
   0.55  2.896e-01 -2.033e-02
   0.65  2.782e-01 -1.082e-02
   0.75  2.541e-01 -1.536e-02
   0.85  2.086e-01 -1.023e-02
   0.95  1.953e-01 -2.509e-02
   1.05  1.905e-01 -7.030e-03
   1.15  1.456e-01  4.420e-03
   1.25  1.377e-01 -2.143e-02
   1.35  1.273e-01 -1.608e-02
   1.45  1.102e-01 -1.465e-02
   1.55  1.043e-01 -9.514e-03
   1.65  9.859e-02 -9.008e-03
   1.75  8.907e-02 -6.567e-03
   1.85  7.586e-02 -7.156e-03
   1.95  6.706e-02 -3.999e-03
   2.05  4.323e-02 -4.167e-03
   2.15  3.073e-02 -3.283e-03
   2.25  2.433e-02 -2.947e-03
   2.35  1.680e-02 -2.147e-03
   2.45  1.351e-02 -3.410e-03
   2.55  1.246e-02 -1.010e-03
   2.65  8.335e-03 -2.021e-03
   2.75  5.178e-03 -2.652e-03
   2.85  4.336e-03  2.947e-04
   2.95  4.799e-03 -3.368e-04
   3.05  5.094e-03 -3.789e-04
   3.15  1.810e-03 -1.305e-03
   3.25  2.399e-03  1.305e-03
   3.35  2.947e-04  8.840e-04
   3.45  1.936e-03 -7.577e-04
   3.55  4.631e-04 -1.137e-03
   3.65  9.682e-04 -7.156e-04
   3.75  1.389e-03  4.210e-05
   3.85  8.840e-04  5.472e-04
   3.95  6.314e-04  2.947e-04
   4.05  6.314e-04  4.631e-04
   4.15  4.210e-05  4.210e-05
   4.25  2.947e-04 -4.631e-04
   4.35  3.368e-04  8.419e-05
   4.45  0.000e+00 -8.419e-05
   4.55  2.526e-04 -8.419e-05
   4.65  1.263e-04  2.105e-04
   4.75  8.419e-05 -2.526e-04
   4.85 -8.419e-05  1.684e-04
   4.95  8.419e-05  0.000e+00
