   0.05  4.285e-01  3.764e-03
   0.15  4.257e-01 -1.484e-02
   0.25  4.167e-01 -2.772e-02
   0.35  3.925e-01  6.417e-04
   0.45  3.430e-01 -1.472e-02
   0.55  3.295e-01 -5.005e-03
   0.65  2.915e-01 -3.170e-02
   0.75  2.609e-01 -1.283e-02
   0.85  2.126e-01 -8.684e-03
   0.95  1.746e-01 -1.129e-02
   1.05  1.672e-01 -1.600e-02
   1.15  1.517e-01 -2.866e-03
   1.25  1.127e-01 -1.814e-02
   1.35  1.253e-01 -1.027e-02
   1.45  1.078e-01  1.198e-03
   1.55  8.491e-02 -4.919e-03
   1.65  8.222e-02 -5.989e-03
   1.75  6.879e-02 -6.930e-03
   1.85  5.886e-02 -4.278e-03
   1.95  6.772e-02 -8.983e-04
   2.05  0.000e+00  0.000e+00
   2.15  0.000e+00  0.000e+00
   2.25  0.000e+00  0.000e+00
   2.35  0.000e+00  0.000e+00
   2.45  0.000e+00  0.000e+00
   2.55  0.000e+00  0.000e+00
   2.65  0.000e+00  0.000e+00
   2.75  0.000e+00  0.000e+00
   2.85  0.000e+00  0.000e+00
   2.95  0.000e+00  0.000e+00
   3.05  0.000e+00  0.000e+00
   3.15  0.000e+00  0.000e+00
   3.25  0.000e+00  0.000e+00
   3.35  0.000e+00  0.000e+00
   3.45  0.000e+00  0.000e+00
   3.55  0.000e+00  0.000e+00
   3.65  0.000e+00  0.000e+00
   3.75  0.000e+00  0.000e+00
   3.85  0.000e+00  0.000e+00
   3.95  0.000e+00  0.000e+00
   4.05  0.000e+00  0.000e+00
   4.15  0.000e+00  0.000e+00
   4.25  0.000e+00  0.000e+00
   4.35  0.000e+00  0.000e+00
   4.45  0.000e+00  0.000e+00
   4.55  0.000e+00  0.000e+00
   4.65  0.000e+00  0.000e+00
   4.75  0.000e+00  0.000e+00
   4.85  0.000e+00  0.000e+00
   4.95  0.000e+00  0.000e+00
