   0.05  2.288e-02 -3.921e-03
   0.15  1.861e-02  4.150e-03
   0.25  1.809e-02  1.734e-03
   0.35  2.364e-02  2.872e-03
   0.45  1.296e-02 -4.990e-03
   0.55  6.919e-03 -2.188e-03
   0.65  8.052e-03 -1.674e-03
   0.75  4.810e-03 -6.431e-04
   0.85  4.818e-03  5.438e-03
   0.95 -1.921e-04  2.695e-03
   1.05  1.444e-03  8.617e-04
   1.15  1.475e-03  3.054e-03
   1.25 -2.843e-03 -1.959e-03
   1.35 -1.402e-04  1.524e-03
   1.45  2.285e-03 -3.657e-03
   1.55  1.943e-04  3.637e-04
   1.65 -6.399e-04 -1.377e-03
   1.75  7.032e-04 -1.101e-03
   1.85  1.220e-03 -8.785e-04
   1.95 -1.329e-03  9.799e-04
   2.05  0.000e+00  0.000e+00
   2.15  0.000e+00  0.000e+00
   2.25  0.000e+00  0.000e+00
   2.35  0.000e+00  0.000e+00
   2.45  0.000e+00  0.000e+00
   2.55  0.000e+00  0.000e+00
   2.65  0.000e+00  0.000e+00
   2.75  0.000e+00  0.000e+00
   2.85  0.000e+00  0.000e+00
   2.95  0.000e+00  0.000e+00
   3.05  0.000e+00  0.000e+00
   3.15  0.000e+00  0.000e+00
   3.25  0.000e+00  0.000e+00
   3.35  0.000e+00  0.000e+00
   3.45  0.000e+00  0.000e+00
   3.55  0.000e+00  0.000e+00
   3.65  0.000e+00  0.000e+00
   3.75  0.000e+00  0.000e+00
   3.85  0.000e+00  0.000e+00
   3.95  0.000e+00  0.000e+00
   4.05  0.000e+00  0.000e+00
   4.15  0.000e+00  0.000e+00
   4.25  0.000e+00  0.000e+00
   4.35  0.000e+00  0.000e+00
   4.45  0.000e+00  0.000e+00
   4.55  0.000e+00  0.000e+00
   4.65  0.000e+00  0.000e+00
   4.75  0.000e+00  0.000e+00
   4.85  0.000e+00  0.000e+00
   4.95  0.000e+00  0.000e+00
