   0.05  3.376e-01  7.559e-02
   0.15  3.305e-01  3.662e-02
   0.25  3.526e-01  3.803e-02
   0.35  3.183e-01  3.474e-02
   0.45  3.014e-01  2.911e-02
   0.55  2.803e-01  4.554e-02
   0.65  2.089e-01 -6.104e-03
   0.75  2.178e-01 -4.319e-02
   0.85  1.944e-01 -8.451e-03
   0.95  1.892e-01 -1.643e-02
   1.05  1.939e-01 -2.864e-02
   1.15  1.235e-01 -1.455e-02
   1.25  1.169e-01 -2.864e-02
   1.35  1.113e-01 -3.052e-02
   1.45  1.042e-01 -1.596e-02
   1.55  8.310e-02 -5.165e-03
   1.65  1.056e-01 -2.676e-02
   1.75  9.860e-02 -2.535e-02
   1.85  6.761e-02 -1.502e-02
   1.95  5.634e-02 -2.254e-02
   2.05  4.742e-02 -4.695e-04
   2.15  2.488e-02 -7.982e-03
   2.25  2.535e-02 -7.512e-03
   2.35  1.455e-02  1.409e-03
   2.45  1.596e-02 -5.634e-03
   2.55  2.207e-02 -1.409e-03
   2.65  6.104e-03 -1.409e-03
   2.75  7.982e-03 -1.080e-02
   2.85  9.390e-03 -6.573e-03
   2.95  7.982e-03 -4.695e-04
   3.05  6.573e-03  1.878e-03
   3.15  1.409e-03  4.695e-04
   3.25  4.695e-04 -2.348e-03
   3.35 -2.348e-03  4.695e-04
   3.45  1.878e-03  0.000e+00
   3.55  2.348e-03  1.409e-03
   3.65  3.287e-03  2.348e-03
   3.75  4.695e-04 -2.348e-03
   3.85 -4.695e-04 -4.695e-04
   3.95  0.000e+00  9.390e-04
   4.05 -1.878e-03 -9.390e-04
   4.15  0.000e+00 -9.390e-04
   4.25  0.000e+00  9.390e-04
   4.35  4.695e-04 -4.695e-04
   4.45  4.695e-04  1.409e-03
   4.55  1.878e-03  0.000e+00
   4.65  0.000e+00  9.390e-04
   4.75 -4.695e-04 -4.695e-04
   4.85 -4.695e-04 -4.695e-04
   4.95  0.000e+00  0.000e+00
