   0.05  1.934e-01 -1.668e-02
   0.15  1.967e-01 -6.985e-03
   0.25  1.774e-01 -4.196e-04
   0.35  1.643e-01 -1.843e-03
   0.45  1.432e-01 -5.052e-03
   0.55  1.406e-01 -4.254e-03
   0.65  1.252e-01 -1.457e-02
   0.75  1.044e-01 -9.775e-03
   0.85  8.207e-02 -9.429e-03
   0.95  6.218e-02  1.074e-03
   1.05  5.848e-02 -1.054e-03
   1.15  5.023e-02 -9.116e-05
   1.25  4.744e-02 -6.287e-03
   1.35  3.961e-02 -6.513e-03
   1.45  2.646e-02  5.997e-03
   1.55  2.160e-02  7.525e-04
   1.65  1.938e-02 -7.835e-03
   1.75  1.944e-02  6.429e-03
   1.85  1.591e-02 -8.585e-05
   1.95  1.199e-02 -4.340e-03
   2.05  0.000e+00  0.000e+00
   2.15  0.000e+00  0.000e+00
   2.25  0.000e+00  0.000e+00
   2.35  0.000e+00  0.000e+00
   2.45  0.000e+00  0.000e+00
   2.55  0.000e+00  0.000e+00
   2.65  0.000e+00  0.000e+00
   2.75  0.000e+00  0.000e+00
   2.85  0.000e+00  0.000e+00
   2.95  0.000e+00  0.000e+00
   3.05  0.000e+00  0.000e+00
   3.15  0.000e+00  0.000e+00
   3.25  0.000e+00  0.000e+00
   3.35  0.000e+00  0.000e+00
   3.45  0.000e+00  0.000e+00
   3.55  0.000e+00  0.000e+00
   3.65  0.000e+00  0.000e+00
   3.75  0.000e+00  0.000e+00
   3.85  0.000e+00  0.000e+00
   3.95  0.000e+00  0.000e+00
   4.05  0.000e+00  0.000e+00
   4.15  0.000e+00  0.000e+00
   4.25  0.000e+00  0.000e+00
   4.35  0.000e+00  0.000e+00
   4.45  0.000e+00  0.000e+00
   4.55  0.000e+00  0.000e+00
   4.65  0.000e+00  0.000e+00
   4.75  0.000e+00  0.000e+00
   4.85  0.000e+00  0.000e+00
   4.95  0.000e+00  0.000e+00
