   0.05  2.957e-02  5.571e-03
   0.15  3.112e-02 -4.767e-03
   0.25  2.785e-02  0.000e+00
   0.35  3.176e-02 -8.303e-03
   0.45  2.314e-02  3.857e-03
   0.55  2.301e-02 -6.294e-03
   0.65  2.903e-02  1.232e-03
   0.75  2.153e-02 -1.928e-03
   0.85  2.212e-02  7.606e-03
   0.95  1.741e-02  2.196e-03
   1.05  1.816e-02 -2.678e-04
   1.15  1.543e-02  1.500e-03
   1.25  1.701e-02  2.410e-04
   1.35  1.537e-02  4.821e-04
   1.45  1.620e-02 -2.866e-03
   1.55  1.133e-02 -1.259e-03
   1.65  9.535e-03  1.071e-04
   1.75  9.374e-03 -1.393e-03
   1.85  7.821e-03 -8.570e-04
   1.95  1.010e-02 -2.116e-03
   2.05  0.000e+00  0.000e+00
   2.15  0.000e+00  0.000e+00
   2.25  0.000e+00  0.000e+00
   2.35  0.000e+00  0.000e+00
   2.45  0.000e+00  0.000e+00
   2.55  0.000e+00  0.000e+00
   2.65  0.000e+00  0.000e+00
   2.75  0.000e+00  0.000e+00
   2.85  0.000e+00  0.000e+00
   2.95  0.000e+00  0.000e+00
   3.05  0.000e+00  0.000e+00
   3.15  0.000e+00  0.000e+00
   3.25  0.000e+00  0.000e+00
   3.35  0.000e+00  0.000e+00
   3.45  0.000e+00  0.000e+00
   3.55  0.000e+00  0.000e+00
   3.65  0.000e+00  0.000e+00
   3.75  0.000e+00  0.000e+00
   3.85  0.000e+00  0.000e+00
   3.95  0.000e+00  0.000e+00
   4.05  0.000e+00  0.000e+00
   4.15  0.000e+00  0.000e+00
   4.25  0.000e+00  0.000e+00
   4.35  0.000e+00  0.000e+00
   4.45  0.000e+00  0.000e+00
   4.55  0.000e+00  0.000e+00
   4.65  0.000e+00  0.000e+00
   4.75  0.000e+00  0.000e+00
   4.85  0.000e+00  0.000e+00
   4.95  0.000e+00  0.000e+00
