-173.57 -1.316e-05 -1.400e-05
-160.71 -1.400e-05  2.716e-06
-147.86 -1.316e-05 -9.402e-06
-135.00  1.630e-05 -8.775e-06
-122.14 -4.596e-06 -2.298e-05
-109.29  1.400e-05  7.312e-06
 -96.43 -6.268e-07 -1.107e-05
 -83.57  1.295e-05 -2.089e-06
 -70.71  4.116e-05  3.134e-06
 -57.86 -6.268e-07  9.402e-06
 -45.00  4.534e-05  1.567e-05
 -32.14  8.441e-05 -1.170e-05
 -19.29  7.124e-05  3.949e-05
  -6.43  1.237e-04 -5.432e-06
   6.43  1.218e-04  6.477e-06
  19.29  6.310e-05  4.262e-05
  32.14  6.895e-05  2.131e-05
  45.00  6.978e-05  1.003e-05
  57.86  6.477e-06 -2.862e-05
  70.71  7.103e-06  2.089e-06
  83.57  4.011e-05  1.421e-05
  96.43  3.176e-05  3.761e-06
 109.29  1.546e-05 -7.103e-06
 122.14 -4.387e-06 -1.734e-05
 135.00  5.432e-06  7.939e-06
 147.86 -1.504e-05  0.000e+00
 160.71  8.357e-07  1.421e-05
 173.57 -7.521e-06 -1.504e-05
