   5.00  2.682e-07  8.555e-05  1.411e-04  1.580e-04  2.682e-07 -1.314e-05  5.364e-07 -2.950e-06
  15.00  2.682e-06  9.145e-05  1.901e-04  1.743e-04  0.000e+00 -2.065e-05  2.011e-05 -1.877e-05
  25.00 -8.045e-07  7.670e-05  1.558e-04  1.223e-04 -1.341e-06  5.900e-06  4.559e-06  5.364e-06
  35.00  2.145e-06  1.156e-04  1.250e-04  1.252e-04 -4.827e-06 -2.414e-06 -3.057e-05 -1.877e-06
  45.00  1.019e-05  1.223e-04  1.083e-04  1.148e-04  4.291e-06 -6.436e-06 -2.789e-05  9.654e-06
  55.00  7.241e-06  1.059e-04  1.539e-04  1.277e-04 -2.682e-07  1.529e-05  1.234e-05  2.789e-05
  65.00  9.118e-06  8.743e-05  1.277e-04  9.842e-05 -5.900e-06  8.582e-06 -1.073e-05 -3.245e-05
  75.00  1.100e-05  9.172e-05  1.899e-04  6.651e-05  2.682e-07 -1.395e-05 -8.582e-06  8.582e-06
  85.00  1.314e-05  7.884e-05  1.566e-04  1.062e-04 -5.095e-06  5.364e-06 -1.073e-05 -4.076e-05
  95.00  1.636e-05  8.743e-05  1.909e-04  1.550e-04 -2.279e-05  4.291e-06 -2.896e-05 -6.973e-06
 105.00  2.548e-05  7.536e-05  1.368e-04  1.110e-04 -1.100e-05 -2.977e-05  3.057e-05  1.663e-05
 115.00  4.237e-05  1.067e-04  1.588e-04  1.303e-04  6.973e-06  2.682e-06 -2.467e-05 -7.455e-05
 125.00  2.682e-05  7.294e-05  1.019e-04  9.225e-05  1.234e-05 -1.341e-05  1.931e-05  1.073e-06
 135.00  3.594e-05  6.812e-05  9.976e-05  1.121e-04 -3.754e-06 -2.467e-05  2.253e-05 -4.827e-06
 145.00  4.747e-05  7.107e-05  1.357e-04  1.239e-04  4.023e-06 -6.704e-06 -1.609e-06  5.364e-07
 155.00  4.398e-05  9.815e-05  1.132e-04  1.046e-04  3.754e-06  2.145e-06  1.126e-05 -2.092e-05
 165.00  4.076e-05  6.007e-05  8.045e-05  9.279e-05 -2.682e-06 -1.395e-05  3.218e-06 -1.341e-05
 175.00  3.272e-05  7.187e-05  1.019e-04  7.992e-05 -3.754e-06 -4.827e-06 -6.436e-06 -1.126e-05
 185.00  4.237e-05  8.045e-05  1.089e-04  4.210e-05 -2.145e-06 -1.019e-05  1.877e-05 -1.797e-05
 195.00  5.498e-05  6.597e-05  1.062e-04  8.796e-05 -5.095e-06  0.000e+00  1.609e-05  4.291e-06
 205.00  7.026e-05  7.268e-05  9.493e-05  6.999e-05 -1.126e-05  6.704e-06 -1.609e-06  5.632e-06
 215.00  7.026e-05  5.766e-05  8.367e-05  6.329e-05 -4.827e-06 -6.704e-06 -1.931e-05 -2.145e-06
 225.00  5.444e-05  4.934e-05  6.865e-05  1.030e-04 -1.260e-05 -9.654e-06 -7.509e-06 -2.145e-06
 235.00  5.042e-05  6.838e-05  8.474e-05  6.383e-05 -3.754e-06  5.095e-06  1.395e-05  3.754e-06
 245.00  5.605e-05  5.283e-05  3.594e-05  5.471e-05 -8.045e-07  1.046e-05  5.900e-06  1.287e-05
 255.00  7.938e-05  3.969e-05  6.704e-05  6.704e-05  1.877e-05  1.126e-05  1.126e-05  3.057e-05
 265.00  7.884e-05  4.774e-05  7.348e-05  2.896e-05 -1.502e-05 -2.682e-06 -1.126e-05 -1.502e-05
 275.00  6.597e-05  5.873e-05  4.720e-05  5.229e-05  1.716e-05  6.168e-06 -1.073e-05 -2.414e-06
 285.00  5.203e-05  5.364e-05  4.934e-05  5.203e-05 -5.900e-06 -4.291e-06  3.218e-06  1.555e-05
 295.00  6.624e-05  5.337e-05  3.862e-05  4.291e-05  2.950e-06  4.559e-06  1.073e-06  7.509e-06
 305.00  5.873e-05  3.996e-05  3.540e-05  4.076e-05 -2.950e-06 -1.877e-06 -1.287e-05  2.145e-06
 315.00  5.524e-05  3.459e-05  4.184e-05  5.417e-05 -8.045e-06 -8.045e-07 -1.287e-05  1.341e-05
 325.00  5.873e-05  3.969e-05  3.218e-05  3.325e-05 -9.386e-06  1.609e-06  3.218e-06 -9.654e-06
 335.00  6.517e-05  3.754e-05  1.663e-05  5.927e-05  9.923e-06 -4.291e-06 -1.555e-05 -5.095e-06
 345.00  5.337e-05  1.770e-05  2.843e-05  3.969e-05 -1.958e-05  8.582e-06 -1.770e-05  1.395e-05
 355.00  6.222e-05  3.620e-05  3.325e-05  4.398e-05 -3.754e-06  1.153e-05 -2.574e-05 -4.291e-06
 365.00  6.356e-05  3.406e-05  2.735e-05  3.057e-05 -4.559e-06  4.023e-06 -4.827e-06 -8.045e-06
 375.00  4.747e-05  1.555e-05  2.038e-05  4.452e-05  7.777e-06 -5.900e-06 -1.180e-05 -1.770e-05
 385.00  5.954e-05  6.973e-06  3.647e-05  2.279e-05 -6.436e-06 -1.555e-05 -2.145e-06  2.414e-06
 395.00  6.168e-05  2.226e-05  1.341e-05  3.272e-05  4.827e-06  1.046e-05 -1.126e-05  1.234e-05
 405.00  4.854e-05  1.931e-05  1.126e-05  2.896e-05  2.950e-06 -6.436e-06  5.364e-07 -4.291e-06
 415.00  5.364e-05  2.467e-05  1.126e-05  2.843e-05 -3.754e-06 -1.073e-06 -2.682e-06 -5.900e-06
 425.00  5.390e-05  2.816e-05  5.364e-06  3.379e-05  9.923e-06  8.045e-07  9.654e-06  3.754e-06
 435.00  6.061e-05  1.555e-05  1.716e-05  3.057e-05  3.754e-06  0.000e+00 -1.073e-06 -5.364e-07
 445.00  6.302e-05  2.253e-05  1.609e-05  2.521e-05 -6.168e-06  5.364e-06 -5.364e-06 -1.609e-06
 455.00  2.601e-05  2.199e-05  1.663e-05  2.574e-05  1.529e-05 -2.682e-06 -2.682e-06 -5.364e-06
 465.00  5.551e-05  1.260e-05  1.019e-05  1.341e-05 -7.241e-06  6.168e-06 -1.609e-06 -4.827e-06
 475.00  4.398e-05  2.387e-05  9.654e-06  2.360e-05 -1.609e-06  1.100e-05  2.145e-06  6.436e-06
 485.00  3.352e-05  8.850e-06  8.582e-06  2.467e-05 -1.421e-05  8.045e-07 -7.509e-06  1.502e-05
 495.00  4.532e-05  9.654e-06  9.118e-06  5.364e-06  2.682e-07 -6.973e-06 -5.364e-07 -2.253e-05
 505.00  3.272e-05  2.360e-05  4.827e-06  1.985e-05 -1.609e-06 -3.218e-06 -5.364e-07 -1.609e-06
 515.00  3.459e-05  1.448e-05  1.341e-05  1.931e-05 -5.632e-06  2.682e-06  4.827e-06 -8.582e-06
 525.00  2.735e-05  1.019e-05  1.609e-06  2.038e-05  8.582e-06 -1.073e-06 -5.900e-06 -5.364e-06
 535.00  1.690e-05  2.038e-05  7.509e-06  2.199e-05 -2.950e-06  5.364e-07 -4.291e-06 -1.609e-06
 545.00  3.433e-05  1.529e-05  1.609e-06  2.253e-05 -8.582e-06 -6.168e-06  1.609e-06  1.073e-06
 555.00  4.291e-05  1.180e-05  5.364e-06  1.180e-05  3.754e-06 -3.754e-06  5.364e-06  6.436e-06
 565.00  2.923e-05  1.153e-05  1.126e-05  5.900e-06 -1.153e-05 -3.486e-06  4.827e-06 -2.682e-06
 575.00  1.582e-05  7.509e-06  4.827e-06  1.395e-05 -4.023e-06  3.218e-06 -3.754e-06  5.364e-06
 585.00  3.379e-05  1.582e-05  5.364e-06  1.395e-05 -1.609e-06 -2.682e-07 -3.218e-06  5.364e-06
 595.00  2.253e-05  7.509e-06  7.509e-06  5.900e-06  5.900e-06 -7.509e-06  2.145e-06  1.609e-06
 605.00  2.333e-05  1.126e-05  9.654e-06  9.654e-06 -1.877e-06 -1.609e-06  4.291e-06  2.145e-06
 615.00  2.628e-05  1.314e-05  3.218e-06  1.395e-05 -4.827e-06 -8.313e-06  0.000e+00 -7.509e-06
 625.00  3.299e-05  1.341e-05  4.291e-06  1.502e-05 -3.486e-06  5.364e-07  1.073e-06 -3.218e-06
 635.00  1.877e-05  9.118e-06  2.682e-06  2.682e-06 -4.291e-06 -4.291e-06 -5.364e-07  2.682e-06
 645.00  2.387e-05  1.690e-05  4.827e-06  1.824e-05 -1.341e-06  5.632e-06 -5.364e-07  9.654e-06
 655.00  2.253e-05  1.180e-05  1.609e-06  9.654e-06  5.364e-07  2.145e-06  2.682e-06  6.436e-06
 665.00  2.333e-05  6.436e-06  0.000e+00  1.019e-05  6.704e-06  3.754e-06  0.000e+00 -2.682e-06
 675.00  2.414e-05  1.073e-05 -1.609e-06  3.754e-06 -4.291e-06 -4.291e-06 -1.609e-06 -1.609e-06
 685.00  2.494e-05  1.931e-05  3.754e-06  7.509e-06  7.777e-06  1.019e-05  5.364e-07  3.218e-06
 695.00  9.654e-06  8.582e-06  5.364e-07  1.287e-05  5.364e-06  2.682e-06 -2.682e-06  4.291e-06
 705.00  2.011e-05  8.850e-06  1.609e-06  7.509e-06  8.045e-07 -8.045e-07  2.682e-06 -4.291e-06
 715.00  2.226e-05  6.168e-06 -1.073e-06  1.073e-05  1.368e-05 -1.877e-06  1.073e-06 -6.436e-06
 725.00  1.743e-05  5.900e-06  1.609e-06 -5.364e-07  9.386e-06  5.364e-07 -1.609e-06  4.827e-06
 735.00  2.682e-05  1.180e-05  0.000e+00  4.827e-06 -8.582e-06 -2.682e-06  3.218e-06  5.364e-07
 745.00  1.475e-05  7.241e-06  5.364e-07  6.436e-06 -8.045e-07  8.313e-06  2.682e-06  4.291e-06
 755.00  2.655e-05  9.654e-06  2.145e-06  9.118e-06  5.632e-06  4.291e-06  1.073e-06  1.609e-06
 765.00  1.502e-05  1.341e-05  0.000e+00  1.073e-05 -6.973e-06  1.073e-06  2.145e-06  0.000e+00
 775.00  2.172e-05  1.770e-05  1.609e-06  4.827e-06  8.045e-07 -7.509e-06 -1.609e-06 -4.827e-06
 785.00  2.199e-05  1.421e-05  4.827e-06  0.000e+00 -4.827e-06 -6.704e-06  1.609e-06  6.436e-06
 795.00  1.395e-05  1.234e-05 -2.682e-06 -1.609e-06 -3.218e-06  3.218e-06 -5.364e-07 -3.754e-06
 805.00  1.180e-05  5.095e-06  0.000e+00  4.291e-06  0.000e+00 -8.850e-06  1.073e-06 -1.073e-06
 815.00  1.555e-05  5.364e-06 -2.682e-06  7.509e-06  1.609e-06  4.291e-06 -2.682e-06  4.291e-06
 825.00  1.770e-05  8.582e-06  5.364e-07  1.073e-06  2.145e-06 -5.364e-07 -5.364e-07  5.364e-06
 835.00  9.118e-06  1.609e-06  0.000e+00  8.582e-06  4.291e-06 -1.073e-06 -1.073e-06 -5.364e-06
 845.00  1.609e-05  5.900e-06  3.218e-06  1.073e-06 -5.364e-07 -3.218e-06 -3.218e-06  5.364e-06
 855.00  1.287e-05  1.207e-05 -1.073e-06  1.073e-06 -6.436e-06 -2.414e-06  0.000e+00  2.145e-06
 865.00  1.287e-05  9.654e-06  5.364e-07  5.900e-06  1.073e-06  4.291e-06  5.364e-07 -5.364e-07
 875.00  1.824e-05  1.073e-06  1.073e-06  4.291e-06 -5.900e-06 -2.145e-06  1.073e-06  1.073e-06
 885.00  1.636e-05  1.073e-05  1.073e-06  1.073e-06  2.414e-06  3.754e-06  0.000e+00 -3.218e-06
 895.00  1.314e-05  1.180e-05 -1.609e-06 -5.364e-07  2.950e-06  3.754e-06 -5.364e-07 -5.364e-07
 905.00  1.636e-05  8.045e-06  2.682e-06  1.609e-06 -1.877e-06  5.364e-07 -5.364e-07 -2.682e-06
 915.00  1.126e-05  4.023e-06  0.000e+00  2.682e-06 -3.754e-06  4.559e-06 -1.073e-06 -1.609e-06
 925.00  1.743e-05  8.045e-06  5.364e-07 -2.682e-06  8.045e-07 -5.364e-06 -5.364e-07  1.609e-06
 935.00  1.609e-05  1.609e-05  1.073e-06  3.218e-06 -1.609e-06 -7.509e-06  0.000e+00  0.000e+00
 945.00  1.046e-05  8.582e-06  1.073e-06  2.145e-06  8.045e-07  5.900e-06  0.000e+00 -4.291e-06
 955.00  1.421e-05  1.019e-05  0.000e+00  5.364e-07  3.486e-06 -4.827e-06  2.145e-06  2.682e-06
 965.00  1.448e-05  5.632e-06  5.364e-07  2.682e-06  1.073e-06 -7.777e-06  1.609e-06 -5.364e-07
 975.00  1.126e-05  4.023e-06  1.073e-06  0.000e+00 -6.436e-06 -8.313e-06  1.073e-06  1.073e-06
 985.00  1.207e-05  5.364e-06  5.364e-07 -5.364e-07 -1.100e-05 -5.364e-07 -5.364e-07 -1.609e-06
 995.00  1.100e-05  7.777e-06  5.364e-07  1.073e-06 -7.241e-06 -5.632e-06  5.364e-07  3.218e-06
