   0.05  1.533e-01  4.676e-02
   0.15  1.507e-01  2.208e-02
   0.25  1.604e-01 -9.741e-03
   0.35  1.338e-01  3.637e-02
   0.45  1.630e-01 -2.013e-02
   0.55  1.818e-01 -6.494e-03
   0.65  1.617e-01  1.234e-02
   0.75  1.792e-01  1.299e-03
   0.85  1.429e-01 -2.598e-03
   0.95  1.766e-01 -1.559e-02
   1.05  1.812e-01  4.546e-03
   1.15  1.507e-01  1.948e-02
   1.25  1.909e-01  2.857e-02
   1.35  1.727e-01  9.092e-03
   1.45  1.539e-01 -2.143e-02
   1.55  1.481e-01  1.299e-03
   1.65  1.533e-01 -1.169e-02
   1.75  1.214e-01 -8.442e-03
   1.85  1.078e-01 -5.195e-03
   1.95  1.046e-01  3.247e-03
   2.05  1.201e-01 -1.948e-03
   2.15  1.007e-01  1.948e-03
   2.25  6.364e-02  1.948e-02
   2.35  5.001e-02  9.741e-03
   2.45  4.741e-02 -9.741e-03
   2.55  2.922e-02  3.247e-03
   2.65  2.078e-02  1.299e-02
   2.75  1.624e-02  3.247e-03
   2.85  1.299e-02  3.897e-03
   2.95  1.169e-02  1.299e-03
   3.05  1.624e-02  6.494e-04
   3.15  9.741e-03  3.247e-03
   3.25  7.144e-03  6.494e-04
   3.35  6.494e-03  5.195e-03
   3.45  3.897e-03  0.000e+00
   3.55  6.494e-03  2.598e-03
   3.65  4.546e-03 -3.247e-03
   3.75  3.247e-03  6.494e-04
   3.85  4.546e-03  6.494e-04
   3.95  1.948e-03  6.494e-04
   4.05  2.598e-03  0.000e+00
   4.15  2.598e-03 -1.299e-03
   4.25  1.299e-03 -1.299e-03
   4.35  6.494e-04  6.494e-04
   4.45  6.494e-04  6.494e-04
   4.55  1.299e-03  1.299e-03
   4.65  1.299e-03  1.299e-03
   4.75  0.000e+00  0.000e+00
   4.85  6.494e-04  6.494e-04
   4.95  0.000e+00  0.000e+00
