   0.05  3.994e-01  1.897e-02
   0.15  4.276e-01  1.411e-02
   0.25  3.663e-01  2.870e-02
   0.35  4.291e-01 -2.919e-02
   0.45  3.527e-01  1.216e-02
   0.55  3.327e-01  2.627e-02
   0.65  2.432e-01 -4.086e-02
   0.75  2.792e-01  1.557e-02
   0.85  2.364e-01 -9.729e-03
   0.95  1.824e-01 -3.065e-02
   1.05  1.644e-01  1.946e-03
   1.15  1.654e-01  2.043e-02
   1.25  1.245e-01 -4.865e-03
   1.35  1.240e-01  3.405e-03
   1.45  1.133e-01 -9.243e-03
   1.55  6.713e-02 -2.043e-02
   1.65  7.297e-02 -1.849e-02
   1.75  5.156e-02 -2.919e-02
   1.85  6.324e-02  2.432e-02
   1.95  7.832e-02 -4.865e-04
   2.05  0.000e+00  0.000e+00
   2.15  0.000e+00  0.000e+00
   2.25  0.000e+00  0.000e+00
   2.35  0.000e+00  0.000e+00
   2.45  0.000e+00  0.000e+00
   2.55  0.000e+00  0.000e+00
   2.65  0.000e+00  0.000e+00
   2.75  0.000e+00  0.000e+00
   2.85  0.000e+00  0.000e+00
   2.95  0.000e+00  0.000e+00
   3.05  0.000e+00  0.000e+00
   3.15  0.000e+00  0.000e+00
   3.25  0.000e+00  0.000e+00
   3.35  0.000e+00  0.000e+00
   3.45  0.000e+00  0.000e+00
   3.55  0.000e+00  0.000e+00
   3.65  0.000e+00  0.000e+00
   3.75  0.000e+00  0.000e+00
   3.85  0.000e+00  0.000e+00
   3.95  0.000e+00  0.000e+00
   4.05  0.000e+00  0.000e+00
   4.15  0.000e+00  0.000e+00
   4.25  0.000e+00  0.000e+00
   4.35  0.000e+00  0.000e+00
   4.45  0.000e+00  0.000e+00
   4.55  0.000e+00  0.000e+00
   4.65  0.000e+00  0.000e+00
   4.75  0.000e+00  0.000e+00
   4.85  0.000e+00  0.000e+00
   4.95  0.000e+00  0.000e+00
