 0.05  4.921e-01
 0.15  4.812e-01
 0.25  4.565e-01
 0.35  4.301e-01
 0.45  3.955e-01
 0.55  3.503e-01
 0.65  3.156e-01
 0.75  2.744e-01
 0.85  2.376e-01
 0.95  1.982e-01
 1.05  1.674e-01
 1.15  1.358e-01
 1.25  1.015e-01
 1.35  8.304e-02
 1.45  4.703e-02
 1.55  3.952e-02
 1.65  0.000e+00
 1.75  0.000e+00
 1.85  0.000e+00
 1.95  0.000e+00
 2.05  0.000e+00
 2.15  0.000e+00
 2.25  0.000e+00
 2.35  0.000e+00
 2.45  0.000e+00
 2.55  0.000e+00
 2.65  0.000e+00
 2.75  0.000e+00
 2.85  0.000e+00
 2.95  0.000e+00
