   0.05  2.118e-01 -1.221e-02
   0.15  2.105e-01  2.859e-03
   0.25  2.086e-01 -1.487e-03
   0.35  1.851e-01 -2.567e-03
   0.45  1.749e-01 -9.605e-03
   0.55  1.509e-01 -1.340e-03
   0.65  1.205e-01 -2.440e-03
   0.75  1.240e-01  6.695e-03
   0.85  1.036e-01 -7.922e-03
   0.95  8.825e-02  5.346e-03
   1.05  7.157e-02  1.854e-03
   1.15  6.782e-02 -7.170e-03
   1.25  5.617e-02 -1.059e-02
   1.35  4.110e-02  1.939e-04
   1.45  4.332e-02 -6.382e-03
   1.55  4.195e-02  1.389e-03
   1.65  4.265e-02  3.241e-03
   1.75  2.994e-02  3.628e-03
   1.85  2.686e-02 -4.152e-03
   1.95  2.509e-02 -4.044e-03
   2.05  1.275e-02 -1.482e-03
   2.15  8.406e-03  9.973e-04
   2.25  3.684e-03 -2.655e-03
   2.35  2.767e-03 -8.247e-04
   2.45  1.841e-03 -7.821e-04
   2.55  6.721e-04  1.352e-03
   2.65  2.339e-03  2.525e-04
   2.75  1.303e-03 -7.035e-04
   2.85 -8.814e-05  2.775e-05
   2.95  3.186e-04 -5.179e-04
   3.05  1.771e-03  2.607e-05
   3.15  5.122e-04  1.071e-03
   3.25  7.000e-04  7.771e-07
   3.35  2.423e-04  2.507e-04
   3.45  4.622e-05  1.459e-04
   3.55  2.624e-04  7.832e-04
   3.65  4.205e-04  3.341e-04
   3.75  5.864e-04 -2.310e-04
   3.85  6.684e-04 -3.364e-05
   3.95 -1.019e-04 -1.531e-04
   4.05 -2.682e-04  1.874e-04
   4.15  2.276e-04  9.221e-05
   4.25  5.248e-04  9.452e-05
   4.35  1.134e-04  4.082e-05
   4.45 -1.208e-04  1.366e-04
   4.55 -1.318e-04  2.092e-04
   4.65  4.255e-05  2.306e-04
   4.75  1.351e-04 -1.179e-04
   4.85 -6.321e-05  8.832e-05
   4.95 -3.044e-05 -1.373e-04
