   0.05  5.408e-01  5.408e-01
   0.15  5.265e-01  5.265e-01
   0.25  4.837e-01  4.837e-01
   0.35  4.201e-01  4.201e-01
   0.45  3.584e-01  3.584e-01
   0.55  3.291e-01  3.291e-01
   0.65  2.690e-01  2.690e-01
   0.75  2.255e-01  2.255e-01
   0.85  1.835e-01  1.835e-01
   0.95  1.568e-01  1.568e-01
   1.05  1.314e-01  1.314e-01
   1.15  1.130e-01  1.130e-01
   1.25  8.960e-02  8.960e-02
   1.35  9.321e-02  9.321e-02
   1.45  7.653e-02  7.653e-02
   1.55  7.134e-02  7.134e-02
   1.65  5.057e-02  5.057e-02
   1.75  4.158e-02  4.158e-02
   1.85  3.371e-02  3.371e-02
   1.95  2.707e-02  2.707e-02
   2.05  1.405e-02  1.405e-02
   2.15  5.022e-03  5.022e-03
   2.25  3.363e-03  3.363e-03
   2.35  2.767e-03  2.767e-03
   2.45  5.959e-04  5.959e-04
   2.55 -9.364e-04 -9.364e-04
   2.65  6.810e-04  6.810e-04
   2.75 -2.554e-04 -2.554e-04
   2.85  0.000e+00  0.000e+00
   2.95  8.513e-05  8.513e-05
   3.05  8.513e-05  8.513e-05
   3.15  8.513e-05  8.513e-05
   3.25  8.513e-05  8.513e-05
   3.35  0.000e+00  0.000e+00
   3.45  0.000e+00  0.000e+00
   3.55  0.000e+00  0.000e+00
   3.65  0.000e+00  0.000e+00
   3.75  0.000e+00  0.000e+00
   3.85  0.000e+00  0.000e+00
   3.95  0.000e+00  0.000e+00
   4.05  0.000e+00  0.000e+00
   4.15  0.000e+00  0.000e+00
   4.25  0.000e+00  0.000e+00
   4.35  0.000e+00  0.000e+00
   4.45  0.000e+00  0.000e+00
   4.55  0.000e+00  0.000e+00
   4.65  0.000e+00  0.000e+00
   4.75  0.000e+00  0.000e+00
   4.85  0.000e+00  0.000e+00
   4.95  0.000e+00  0.000e+00
