   0.05  5.637e-01  5.637e-01
   0.15  5.214e-01  5.214e-01
   0.25  5.041e-01  5.041e-01
   0.35  4.280e-01  4.280e-01
   0.45  3.752e-01  3.752e-01
   0.55  3.370e-01  3.370e-01
   0.65  2.681e-01  2.681e-01
   0.75  2.314e-01  2.314e-01
   0.85  1.997e-01  1.997e-01
   0.95  1.659e-01  1.659e-01
   1.05  1.428e-01  1.428e-01
   1.15  1.229e-01  1.229e-01
   1.25  1.062e-01  1.062e-01
   1.35  9.421e-02  9.421e-02
   1.45  8.431e-02  8.431e-02
   1.55  8.113e-02  8.113e-02
   1.65  6.207e-02  6.207e-02
   1.75  5.800e-02  5.800e-02
   1.85  4.090e-02  4.090e-02
   1.95  2.211e-02  2.211e-02
   2.05  1.149e-02  1.149e-02
   2.15  5.792e-03  5.792e-03
   2.25  3.183e-03  3.183e-03
   2.35  4.863e-04  4.863e-04
   2.45  6.632e-04  6.632e-04
   2.55  1.547e-03  1.547e-03
   2.65  3.537e-04  3.537e-04
   2.75  4.421e-05  4.421e-05
   2.85 -8.842e-05 -8.842e-05
   2.95 -1.768e-04 -1.768e-04
   3.05  0.000e+00  0.000e+00
   3.15  0.000e+00  0.000e+00
   3.25  0.000e+00  0.000e+00
   3.35  0.000e+00  0.000e+00
   3.45  0.000e+00  0.000e+00
   3.55  0.000e+00  0.000e+00
   3.65  0.000e+00  0.000e+00
   3.75  0.000e+00  0.000e+00
   3.85  0.000e+00  0.000e+00
   3.95  0.000e+00  0.000e+00
   4.05  0.000e+00  0.000e+00
   4.15  0.000e+00  0.000e+00
   4.25  0.000e+00  0.000e+00
   4.35  0.000e+00  0.000e+00
   4.45  0.000e+00  0.000e+00
   4.55  0.000e+00  0.000e+00
   4.65  0.000e+00  0.000e+00
   4.75  0.000e+00  0.000e+00
   4.85  0.000e+00  0.000e+00
   4.95  0.000e+00  0.000e+00
