   0.05  1.852e-01 -1.955e-02
   0.15  1.859e-01  5.391e-03
   0.25  1.776e-01 -1.597e-02
   0.35  1.611e-01 -1.140e-02
   0.45  1.432e-01 -4.874e-03
   0.55  1.260e-01 -2.031e-02
   0.65  1.201e-01 -1.751e-02
   0.75  1.031e-01 -4.130e-03
   0.85  8.421e-02  2.148e-03
   0.95  7.283e-02 -3.465e-03
   1.05  6.024e-02 -2.890e-03
   1.15  5.391e-02 -2.783e-03
   1.25  4.876e-02 -5.401e-04
   1.35  3.884e-02  1.472e-03
   1.45  3.092e-02 -3.134e-04
   1.55  3.401e-02 -4.329e-04
   1.65  2.930e-02 -4.191e-03
   1.75  2.668e-02  7.449e-04
   1.85  2.008e-02  2.272e-03
   1.95  1.215e-02 -7.983e-04
   2.05  1.104e-02  1.232e-03
   2.15  5.941e-03 -4.373e-04
   2.25  3.898e-03  2.083e-03
   2.35  6.949e-04  1.336e-03
   2.45 -9.132e-04  1.038e-03
   2.55 -7.370e-04  1.351e-04
   2.65 -1.483e-03 -9.675e-04
   2.75 -2.675e-04  1.008e-05
   2.85 -1.033e-03 -1.084e-03
   2.95  7.065e-04 -3.793e-04
   3.05 -8.444e-04 -2.203e-04
   3.15 -5.063e-05 -1.149e-03
   3.25  9.603e-05 -3.275e-04
   3.35 -3.339e-04 -1.845e-04
   3.45  1.601e-04  5.817e-04
   3.55 -1.695e-04  3.554e-04
   3.65 -2.125e-05 -2.779e-04
   3.75 -2.074e-04 -2.383e-04
   3.85  1.625e-05  2.617e-04
   3.95  1.807e-04  8.968e-05
   4.05  7.887e-05  1.197e-04
   4.15  4.645e-05 -8.548e-05
   4.25  1.251e-05 -6.699e-05
   4.35  1.293e-04  2.858e-05
   4.45  4.763e-05 -4.763e-05
   4.55  3.201e-05  3.589e-05
   4.65 -1.939e-04  6.240e-06
   4.75 -2.624e-05 -7.090e-05
   4.85 -1.550e-05  4.793e-05
   4.95 -4.531e-05  4.531e-05
