-173.57 -2.484e-05 -6.537e-06
-160.71 -8.236e-05  1.961e-05
-147.86 -7.190e-05 -3.530e-05
-135.00 -1.111e-04  1.438e-05
-122.14 -9.020e-05  3.268e-05
-109.29 -5.491e-05 -1.307e-05
 -96.43 -4.183e-05 -3.138e-05
 -83.57 -5.491e-05 -1.830e-05
 -70.71 -4.314e-05 -3.922e-06
 -57.86  5.621e-05  1.438e-05
 -45.00  7.059e-05 -6.537e-05
 -32.14  2.052e-04 -2.222e-05
 -19.29  2.798e-04 -1.255e-04
  -6.43  5.151e-04 -3.138e-05
   6.43  5.229e-04 -4.445e-05
  19.29  2.902e-04 -6.275e-05
  32.14  1.804e-04 -1.830e-05
  45.00 -2.876e-05 -2.876e-05
  57.86 -6.406e-05  9.282e-05
  70.71 -1.216e-04 -4.053e-05
  83.57 -1.190e-04  2.222e-05
  96.43 -6.014e-05 -2.615e-06
 109.29 -8.105e-05 -1.830e-05
 122.14 -8.105e-05 -2.092e-05
 135.00 -9.282e-05 -9.151e-06
 147.86 -6.798e-05 -7.844e-06
 160.71 -5.099e-05  3.922e-06
 173.57 -1.961e-05  9.151e-06
