   0.05  1.925e-01  3.076e-03
   0.15  2.023e-01  2.329e-03
   0.25  1.795e-01 -1.527e-02
   0.35  1.727e-01 -1.165e-02
   0.45  1.472e-01 -1.097e-02
   0.55  1.219e-01  2.516e-03
   0.65  1.090e-01  1.415e-03
   0.75  9.690e-02 -5.763e-03
   0.85  7.947e-02 -3.407e-03
   0.95  7.061e-02  5.235e-03
   1.05  6.658e-02 -8.638e-03
   1.15  6.725e-02  1.545e-03
   1.25  3.605e-02 -2.478e-03
   1.35  4.076e-02  3.512e-03
   1.45  3.782e-02 -5.691e-03
   1.55  3.208e-02 -5.595e-03
   1.65  3.108e-02  7.505e-04
   1.75  1.893e-02  8.705e-04
   1.85  1.642e-02 -6.935e-04
   1.95  1.498e-02 -1.899e-03
   2.05  0.000e+00  0.000e+00
   2.15  0.000e+00  0.000e+00
   2.25  0.000e+00  0.000e+00
   2.35  0.000e+00  0.000e+00
   2.45  0.000e+00  0.000e+00
   2.55  0.000e+00  0.000e+00
   2.65  0.000e+00  0.000e+00
   2.75  0.000e+00  0.000e+00
   2.85  0.000e+00  0.000e+00
   2.95  0.000e+00  0.000e+00
   3.05  0.000e+00  0.000e+00
   3.15  0.000e+00  0.000e+00
   3.25  0.000e+00  0.000e+00
   3.35  0.000e+00  0.000e+00
   3.45  0.000e+00  0.000e+00
   3.55  0.000e+00  0.000e+00
   3.65  0.000e+00  0.000e+00
   3.75  0.000e+00  0.000e+00
   3.85  0.000e+00  0.000e+00
   3.95  0.000e+00  0.000e+00
   4.05  0.000e+00  0.000e+00
   4.15  0.000e+00  0.000e+00
   4.25  0.000e+00  0.000e+00
   4.35  0.000e+00  0.000e+00
   4.45  0.000e+00  0.000e+00
   4.55  0.000e+00  0.000e+00
   4.65  0.000e+00  0.000e+00
   4.75  0.000e+00  0.000e+00
   4.85  0.000e+00  0.000e+00
   4.95  0.000e+00  0.000e+00
