   0.05  4.058e-01 -2.685e-02
   0.15  4.197e-01  8.951e-02
   0.25  3.889e-01  1.691e-02
   0.35  3.551e-01  1.591e-02
   0.45  3.367e-01  2.636e-02
   0.55  2.969e-01 -3.033e-02
   0.65  2.501e-01 -2.337e-02
   0.75  2.651e-01  1.243e-02
   0.85  2.302e-01 -1.144e-02
   0.95  2.019e-01 -3.382e-02
   1.05  1.671e-01 -1.293e-02
   1.15  1.248e-01  4.227e-02
   1.25  1.104e-01  3.978e-03
   1.35  1.378e-01  6.465e-03
   1.45  1.263e-01  2.884e-02
   1.55  1.189e-01 -3.630e-02
   1.65  1.019e-01 -1.144e-02
   1.75  1.198e-01 -2.337e-02
   1.85  6.962e-02 -5.868e-02
   1.95  6.316e-02  1.442e-02
   2.05  4.923e-02 -8.454e-03
   2.15  4.625e-02  4.973e-04
   2.25  3.630e-02  4.973e-04
   2.35  6.962e-03  4.973e-03
   2.45  1.144e-02  4.476e-03
   2.55  3.481e-03 -1.492e-03
   2.65  1.194e-02  3.978e-03
   2.75  4.973e-03  4.973e-03
   2.85 -1.989e-03 -4.973e-03
   2.95  3.481e-03 -2.486e-03
   3.05  0.000e+00 -5.968e-03
   3.15  1.989e-03 -9.946e-04
   3.25  2.984e-03  9.946e-04
   3.35  1.492e-03 -4.973e-04
   3.45  0.000e+00 -9.946e-04
   3.55 -1.492e-03  4.973e-04
   3.65  2.984e-03  9.946e-04
   3.75 -9.946e-04  0.000e+00
   3.85  2.486e-03  1.492e-03
   3.95  4.973e-04  4.973e-04
   4.05  1.492e-03  4.973e-04
   4.15  1.492e-03 -4.973e-04
   4.25  9.946e-04  9.946e-04
   4.35  4.973e-04  4.973e-04
   4.45 -9.946e-04  9.946e-04
   4.55  1.492e-03 -1.492e-03
   4.65 -4.973e-04 -4.973e-04
   4.75  4.973e-04 -4.973e-04
   4.85  0.000e+00  0.000e+00
   4.95 -4.973e-04 -4.973e-04
