   0.05  2.889e-01 -1.984e-02
   0.15  2.115e-01  7.212e-03
   0.25  1.715e-01  2.455e-02
   0.35  1.629e-01  5.471e-02
   0.45  1.610e-01 -2.522e-03
   0.55  1.758e-01  2.732e-02
   0.65  1.448e-01 -4.476e-03
   0.75  1.295e-01 -1.985e-02
   0.85  9.595e-02 -9.748e-03
   0.95  7.574e-02  5.015e-03
   1.05  7.720e-02 -1.138e-02
   1.15  3.655e-02 -2.315e-02
   1.25  7.245e-02  1.208e-02
   1.35  5.593e-02 -2.954e-02
   1.45  5.336e-02 -7.833e-05
   1.55  5.689e-02  1.113e-02
   1.65  2.649e-02  1.640e-02
   1.75  1.918e-02  3.654e-03
   1.85  3.676e-02  2.354e-02
   1.95  4.701e-02 -9.346e-03
   2.05  8.531e-03  7.437e-03
   2.15  2.334e-03  1.701e-03
   2.25 -1.763e-03 -8.795e-03
   2.35 -9.018e-04  1.406e-03
   2.45  3.666e-03  3.811e-03
   2.55  1.085e-03  3.529e-04
   2.65  1.005e-02 -1.858e-03
   2.75 -7.231e-04 -3.518e-04
   2.85 -3.625e-04 -1.316e-04
   2.95  4.999e-03 -2.795e-03
   3.05  2.547e-03 -1.631e-03
   3.15  2.827e-03  1.668e-03
   3.25 -2.914e-04 -1.310e-03
   3.35  2.013e-03 -1.108e-03
   3.45 -4.130e-04 -5.043e-04
   3.55 -3.053e-04  1.249e-03
   3.65  2.254e-03  1.915e-03
   3.75  1.366e-03 -5.353e-04
   3.85  7.763e-04  8.847e-04
   3.95 -5.291e-04  5.291e-04
   4.05  7.822e-04 -2.935e-04
   4.15  4.834e-04 -8.486e-04
   4.25  1.181e-03  4.037e-04
   4.35  2.683e-04 -5.131e-04
   4.45  7.965e-04  6.187e-05
   4.55 -4.335e-04 -4.335e-04
   4.65  0.000e+00  0.000e+00
   4.75  0.000e+00  0.000e+00
   4.85 -1.895e-04  1.895e-04
   4.95  0.000e+00  0.000e+00
