   0.05  9.228e-03 -2.766e-02
   0.15  2.381e-02 -1.999e-02
   0.25  3.000e-02  6.098e-03
   0.35  2.277e-02 -1.773e-02
   0.45  3.621e-02 -2.045e-02
   0.55  1.214e-02  3.418e-03
   0.65  6.404e-02  9.620e-03
   0.75  5.486e-02  5.510e-03
   0.85  7.884e-02 -1.186e-02
   0.95  8.849e-02  3.470e-02
   1.05  7.127e-02 -8.889e-03
   1.15  8.103e-02 -2.329e-02
   1.25  4.548e-02 -7.234e-03
   1.35  5.287e-02 -3.680e-03
   1.45  6.934e-02 -4.570e-03
   1.55  5.335e-02  6.344e-03
   1.65  6.257e-02  2.305e-03
   1.75  5.403e-02 -5.703e-04
   1.85  4.324e-02 -6.859e-03
   1.95  4.504e-02 -1.206e-02
   2.05  4.247e-02  9.490e-03
   2.15  3.240e-02 -9.049e-03
   2.25  1.360e-02 -6.553e-03
   2.35  8.108e-03  3.852e-04
   2.45  1.553e-02  2.189e-03
   2.55  5.151e-03  2.054e-05
   2.65  2.446e-03  3.109e-03
   2.75  3.113e-03  1.273e-03
   2.85 -5.103e-04  2.712e-04
   2.95  3.663e-03  4.807e-04
   3.05  7.616e-04 -5.691e-04
   3.15 -2.219e-03  4.494e-04
   3.25 -6.060e-04 -7.806e-04
   3.35 -4.126e-03 -1.463e-03
   3.45  2.358e-03 -6.038e-04
   3.55  7.874e-04 -1.192e-03
   3.65 -7.330e-05 -1.354e-03
   3.75  8.893e-04  8.893e-04
   3.85  7.494e-04 -3.107e-03
   3.95 -2.177e-03  1.086e-04
   4.05 -6.407e-04 -6.407e-04
   4.15 -1.638e-04 -1.638e-04
   4.25 -9.458e-04 -9.458e-04
   4.35 -3.230e-04  1.304e-04
   4.45  0.000e+00  0.000e+00
   4.55 -6.494e-04  6.494e-04
   4.65  4.249e-04 -4.249e-04
   4.75  0.000e+00  0.000e+00
   4.85 -6.174e-04 -6.174e-04
   4.95  0.000e+00  0.000e+00
