   0.05  4.344e-01  0.000e+00
   0.15  4.611e-01 -4.713e-02
   0.25  3.957e-01 -5.012e-02
   0.35  3.626e-01  1.845e-02
   0.45  3.501e-01  4.987e-04
   0.55  3.042e-01  1.596e-02
   0.65  2.289e-01  1.496e-02
   0.75  2.563e-01 -6.982e-03
   0.85  2.252e-01 -2.868e-02
   0.95  1.708e-01  6.733e-03
   1.05  1.476e-01 -1.247e-02
   1.15  1.371e-01  3.990e-03
   1.25  1.252e-01 -1.995e-03
   1.35  1.247e-01 -1.147e-02
   1.45  9.077e-02 -1.047e-02
   1.55  9.999e-02 -1.521e-02
   1.65  7.780e-02 -1.795e-02
   1.75  5.486e-02 -2.294e-02
   1.85  6.134e-02  6.982e-03
   1.95  5.212e-02  1.272e-02
   2.05  0.000e+00  0.000e+00
   2.15  0.000e+00  0.000e+00
   2.25  0.000e+00  0.000e+00
   2.35  0.000e+00  0.000e+00
   2.45  0.000e+00  0.000e+00
   2.55  0.000e+00  0.000e+00
   2.65  0.000e+00  0.000e+00
   2.75  0.000e+00  0.000e+00
   2.85  0.000e+00  0.000e+00
   2.95  0.000e+00  0.000e+00
   3.05  0.000e+00  0.000e+00
   3.15  0.000e+00  0.000e+00
   3.25  0.000e+00  0.000e+00
   3.35  0.000e+00  0.000e+00
   3.45  0.000e+00  0.000e+00
   3.55  0.000e+00  0.000e+00
   3.65  0.000e+00  0.000e+00
   3.75  0.000e+00  0.000e+00
   3.85  0.000e+00  0.000e+00
   3.95  0.000e+00  0.000e+00
   4.05  0.000e+00  0.000e+00
   4.15  0.000e+00  0.000e+00
   4.25  0.000e+00  0.000e+00
   4.35  0.000e+00  0.000e+00
   4.45  0.000e+00  0.000e+00
   4.55  0.000e+00  0.000e+00
   4.65  0.000e+00  0.000e+00
   4.75  0.000e+00  0.000e+00
   4.85  0.000e+00  0.000e+00
   4.95  0.000e+00  0.000e+00
