 0.05  5.077e-01
 0.15  4.966e-01
 0.25  4.730e-01
 0.35  4.416e-01
 0.45  4.044e-01
 0.55  3.620e-01
 0.65  3.159e-01
 0.75  2.719e-01
 0.85  2.291e-01
 0.95  1.908e-01
 1.05  1.552e-01
 1.15  1.260e-01
 1.25  9.182e-02
 1.35  7.395e-02
 1.45  4.153e-02
 1.55  3.257e-02
 1.65  0.000e+00
 1.75  0.000e+00
 1.85  0.000e+00
 1.95  0.000e+00
 2.05  0.000e+00
 2.15  0.000e+00
 2.25  0.000e+00
 2.35  0.000e+00
 2.45  0.000e+00
 2.55  0.000e+00
 2.65  0.000e+00
 2.75  0.000e+00
 2.85  0.000e+00
 2.95  0.000e+00
