-173.57  2.846e-05  3.449e-06
-160.71  3.018e-05 -9.054e-06
-147.86  4.700e-05 -3.880e-06
-135.00  4.678e-05  1.919e-05
-122.14  4.118e-05  2.781e-05
-109.29  5.540e-05 -3.234e-06
 -96.43  1.043e-04 -7.761e-06
 -83.57  9.680e-05  1.229e-05
 -70.71  1.099e-04 -1.293e-06
 -57.86  1.466e-04 -1.466e-05
 -45.00  1.345e-04  1.552e-05
 -32.14  2.139e-04  3.191e-05
 -19.29  2.141e-04 -1.315e-05
  -6.43  2.091e-04  3.794e-05
   6.43  2.085e-04  3.730e-05
  19.29  2.147e-04 -1.552e-05
  32.14  1.785e-04  2.587e-05
  45.00  1.578e-04 -8.623e-07
  57.86  1.322e-04 -2.156e-07
  70.71  9.895e-05 -1.315e-05
  83.57  7.222e-05  1.272e-05
  96.43  6.942e-05  1.423e-05
 109.29  6.015e-05  8.408e-06
 122.14  6.209e-05  1.725e-06
 135.00  4.657e-05  2.501e-05
 147.86  6.230e-05 -3.234e-06
 160.71  4.074e-05 -9.701e-06
 173.57  2.932e-05  1.725e-06
