   0.05  8.708e-02  2.067e-02
   0.15  1.159e-01  4.448e-02
   0.25  1.660e-01 -8.145e-03
   0.35  1.760e-01  1.692e-02
   0.45  1.629e-01 -5.012e-03
   0.55  1.817e-01  3.884e-02
   0.65  1.717e-01  1.880e-02
   0.75  2.099e-01 -6.892e-03
   0.85  2.080e-01  2.882e-02
   0.95  2.299e-01 -1.190e-02
   1.05  2.030e-01 -2.130e-02
   1.15  1.848e-01  1.942e-02
   1.25  1.792e-01 -3.759e-03
   1.35  1.729e-01  2.506e-02
   1.45  1.779e-01  1.504e-02
   1.55  1.598e-01 -5.639e-03
   1.65  1.522e-01  6.265e-04
   1.75  1.347e-01 -5.639e-03
   1.85  1.328e-01 -7.518e-03
   1.95  1.147e-01  3.133e-03
   2.05  1.084e-01 -4.386e-03
   2.15  8.207e-02 -3.133e-03
   2.25  6.453e-02  4.386e-03
   2.35  5.137e-02  0.000e+00
   2.45  3.133e-02 -1.253e-03
   2.55  3.320e-02 -6.265e-04
   2.65  2.757e-02 -5.012e-03
   2.75  1.441e-02 -6.265e-04
   2.85  1.253e-02  3.759e-03
   2.95  7.518e-03 -1.253e-03
   3.05  1.316e-02  1.880e-03
   3.15  5.639e-03  3.133e-03
   3.25  5.012e-03  0.000e+00
   3.35  2.506e-03  2.506e-03
   3.45  7.518e-03  3.759e-03
   3.55  1.880e-03 -1.880e-03
   3.65  5.012e-03  0.000e+00
   3.75  1.253e-03  0.000e+00
   3.85  6.265e-04 -6.265e-04
   3.95  2.506e-03 -1.253e-03
   4.05  1.253e-03  1.253e-03
   4.15  3.759e-03 -1.253e-03
   4.25  1.253e-03 -1.253e-03
   4.35  6.265e-04 -6.265e-04
   4.45  0.000e+00  0.000e+00
   4.55  0.000e+00  1.253e-03
   4.65  0.000e+00  0.000e+00
   4.75  6.265e-04  6.265e-04
   4.85  6.265e-04  6.265e-04
   4.95 -6.265e-04 -6.265e-04
