   0.05  8.903e-03  5.349e-04
   0.15  8.267e-03 -3.496e-04
   0.25  1.244e-02  1.897e-03
   0.35  9.677e-03 -8.052e-04
   0.45  1.101e-02  1.960e-04
   0.55  9.121e-03  9.127e-04
   0.65  1.195e-02 -9.256e-04
   0.75  6.384e-03 -9.200e-04
   0.85  6.625e-03 -2.344e-04
   0.95  6.762e-03  1.017e-03
   1.05  3.889e-03  1.830e-03
   1.15  4.719e-03  2.878e-03
   1.25  5.192e-03 -7.342e-05
   1.35  5.020e-03 -8.924e-04
   1.45  4.773e-03 -7.161e-04
   1.55  4.596e-03 -7.465e-04
   1.65  5.471e-03 -6.287e-04
   1.75  4.599e-03  3.744e-04
   1.85  4.315e-03  7.185e-04
   1.95  2.885e-03 -4.793e-05
   2.05  2.255e-03  9.511e-04
   2.15 -1.160e-04  5.122e-04
   2.25  2.162e-04  1.679e-04
   2.35  8.265e-04 -4.935e-04
   2.45 -7.768e-04 -1.727e-04
   2.55 -2.346e-04 -8.373e-05
   2.65  9.233e-05  2.954e-04
   2.75  1.440e-04  4.910e-05
   2.85 -2.096e-04 -2.889e-04
   2.95 -2.228e-05  7.150e-05
   3.05  1.686e-04  1.729e-04
   3.15 -2.333e-04  3.508e-06
   3.25 -8.219e-05 -2.175e-04
   3.35 -1.781e-04  1.290e-04
   3.45 -5.024e-05  1.365e-05
   3.55  2.493e-05 -2.302e-04
   3.65 -1.262e-04 -3.116e-05
   3.75 -7.022e-05 -6.433e-06
   3.85 -2.902e-06 -1.558e-04
   3.95 -3.272e-05 -1.485e-04
   4.05  4.321e-05 -8.529e-05
   4.15  1.019e-04 -2.953e-05
   4.25 -1.362e-05  1.448e-05
   4.35  5.548e-05  9.441e-06
   4.45  6.302e-05 -2.052e-05
   4.55  4.709e-05 -4.709e-05
   4.65 -5.440e-05  4.942e-05
   4.75  9.604e-06  6.209e-05
   4.85  2.526e-05  2.526e-05
   4.95  0.000e+00  0.000e+00
