   0.05  3.648e-01  1.722e-02
   0.15  3.977e-01  7.306e-03
   0.25  4.222e-01 -7.828e-03
   0.35  3.611e-01 -3.549e-02
   0.45  3.283e-01  2.035e-02
   0.55  3.027e-01 -1.044e-03
   0.65  2.808e-01 -1.044e-02
   0.75  2.495e-01  0.000e+00
   0.85  2.375e-01 -2.348e-02
   0.95  2.098e-01 -8.350e-03
   1.05  2.328e-01  3.131e-02
   1.15  1.759e-01 -5.741e-03
   1.25  1.868e-01 -2.923e-02
   1.35  1.440e-01 -8.350e-03
   1.45  1.200e-01 -2.401e-02
   1.55  1.221e-01 -9.394e-03
   1.65  1.096e-01  1.774e-02
   1.75  9.603e-02 -2.296e-02
   1.85  6.523e-02 -2.557e-02
   1.95  5.949e-02 -1.566e-02
   2.05  8.089e-02 -1.513e-02
   2.15  2.140e-02 -7.828e-03
   2.25  2.244e-02  1.722e-02
   2.35  2.453e-02 -2.609e-03
   2.45  5.741e-03  1.513e-02
   2.55  7.828e-03 -1.305e-02
   2.65  5.219e-03  2.088e-03
   2.75  1.566e-03 -5.741e-03
   2.85  9.394e-03 -1.044e-03
   2.95  3.653e-03 -1.566e-03
   3.05  7.306e-03 -3.131e-03
   3.15  1.566e-03  4.697e-03
   3.25  2.609e-03  2.609e-03
   3.35  0.000e+00  0.000e+00
   3.45  5.219e-03  0.000e+00
   3.55  2.609e-03  1.566e-03
   3.65  3.653e-03 -5.219e-04
   3.75  3.131e-03 -2.088e-03
   3.85  3.131e-03 -1.044e-03
   3.95 -5.219e-04  2.609e-03
   4.05  1.566e-03  1.566e-03
   4.15 -1.044e-03 -3.131e-03
   4.25  1.566e-03  5.219e-04
   4.35  5.219e-04  2.609e-03
   4.45  5.219e-04  1.566e-03
   4.55  0.000e+00  0.000e+00
   4.65  0.000e+00  0.000e+00
   4.75 -5.219e-04  5.219e-04
   4.85  0.000e+00  0.000e+00
   4.95  0.000e+00  0.000e+00
