   0.05  3.597e-02  3.597e-02
   0.15  1.994e-02  1.994e-02
   0.25  3.102e-02  3.102e-02
   0.35  2.316e-02  2.316e-02
   0.45  2.754e-02  2.754e-02
   0.55  2.662e-02  2.662e-02
   0.65  2.651e-02  2.651e-02
   0.75  2.402e-02  2.402e-02
   0.85  1.619e-02  1.619e-02
   0.95  2.027e-02  2.027e-02
   1.05  1.883e-02  1.883e-02
   1.15  1.529e-02  1.529e-02
   1.25  1.005e-02  1.005e-02
   1.35  8.323e-03  8.323e-03
   1.45  1.024e-02  1.024e-02
   1.55  9.052e-03  9.052e-03
   1.65  7.782e-03  7.782e-03
   1.75  6.809e-03  6.809e-03
   1.85  6.539e-03  6.539e-03
   1.95  3.594e-03  3.594e-03
   2.05  1.892e-03  1.892e-03
   2.15  1.837e-03  1.837e-03
   2.25  4.323e-04  4.323e-04
   2.35  4.323e-04  4.323e-04
   2.45  2.702e-04  2.702e-04
   2.55 -2.162e-04 -2.162e-04
   2.65 -5.404e-05 -5.404e-05
   2.75  1.081e-04  1.081e-04
   2.85  0.000e+00  0.000e+00
   2.95  5.404e-05  5.404e-05
   3.05  0.000e+00  0.000e+00
   3.15  0.000e+00  0.000e+00
   3.25  0.000e+00  0.000e+00
   3.35  0.000e+00  0.000e+00
   3.45  0.000e+00  0.000e+00
   3.55  0.000e+00  0.000e+00
   3.65  0.000e+00  0.000e+00
   3.75  0.000e+00  0.000e+00
   3.85  0.000e+00  0.000e+00
   3.95  0.000e+00  0.000e+00
   4.05  0.000e+00  0.000e+00
   4.15  0.000e+00  0.000e+00
   4.25  0.000e+00  0.000e+00
   4.35  0.000e+00  0.000e+00
   4.45  0.000e+00  0.000e+00
   4.55  0.000e+00  0.000e+00
   4.65  0.000e+00  0.000e+00
   4.75  0.000e+00  0.000e+00
   4.85  0.000e+00  0.000e+00
   4.95  0.000e+00  0.000e+00
