-173.57  3.093e-04  4.307e-05
-160.71  2.936e-04  1.175e-05
-147.86  3.054e-04  7.830e-06
-135.00  4.268e-04 -2.701e-04
-122.14  4.581e-04  1.214e-04
-109.29  5.011e-04  3.132e-05
 -96.43  6.891e-04 -1.096e-04
 -83.57  6.460e-04  5.090e-05
 -70.71  8.222e-04 -1.331e-04
 -57.86  1.582e-03 -2.349e-05
 -45.00  1.938e-03 -7.439e-05
 -32.14  2.494e-03 -3.915e-06
 -19.29  2.631e-03  1.331e-04
  -6.43  3.312e-03  1.041e-03
   6.43  3.019e-03 -1.918e-04
  19.29  2.725e-03 -2.741e-04
  32.14  2.431e-03 -3.524e-05
  45.00  1.942e-03 -1.958e-04
  57.86  1.245e-03  2.036e-04
  70.71  9.083e-04  6.264e-05
  83.57  8.574e-04 -1.370e-04
  96.43  7.087e-04  2.741e-05
 109.29  6.538e-04  1.684e-04
 122.14  4.698e-04  1.331e-04
 135.00  3.680e-04  7.830e-05
 147.86  5.560e-04 -1.253e-04
 160.71  4.307e-04  6.264e-05
 173.57  3.210e-04  1.018e-04
