   0.05  4.399e-02 -8.253e-03
   0.15  5.112e-02 -9.206e-03
   0.25  3.515e-02 -1.208e-02
   0.35  6.020e-02  3.131e-03
   0.45  5.713e-02 -9.432e-03
   0.55  5.524e-02 -3.687e-03
   0.65  7.232e-02 -4.185e-03
   0.75  6.397e-02  2.115e-03
   0.85  5.614e-02 -6.013e-03
   0.95  5.615e-02  4.586e-03
   1.05  5.759e-02 -8.377e-03
   1.15  4.678e-02  4.961e-03
   1.25  4.992e-02  9.425e-03
   1.35  6.127e-02 -4.389e-03
   1.45  4.720e-02 -3.008e-03
   1.55  5.301e-02 -5.494e-03
   1.65  4.347e-02 -1.022e-02
   1.75  4.363e-02 -5.104e-03
   1.85  4.258e-02 -4.916e-03
   1.95  3.034e-02  2.845e-05
   2.05  1.925e-02  2.468e-03
   2.15  1.889e-02 -8.605e-04
   2.25  4.589e-03  1.875e-03
   2.35  2.936e-03 -8.762e-05
   2.45  4.251e-03  1.715e-03
   2.55  2.353e-03 -4.652e-03
   2.65  2.639e-03  3.020e-03
   2.75  1.851e-03  4.141e-03
   2.85  2.220e-03  5.072e-04
   2.95  5.717e-04 -2.038e-04
   3.05  1.205e-03  2.365e-04
   3.15  5.909e-04  5.548e-04
   3.25  4.892e-04 -1.594e-03
   3.35  8.838e-04  8.755e-04
   3.45  2.321e-04 -9.963e-04
   3.55  2.702e-04 -8.070e-04
   3.65  2.410e-04 -9.183e-04
   3.75  8.232e-05  1.046e-04
   3.85  5.609e-04 -4.690e-05
   3.95 -5.056e-05 -5.056e-05
   4.05 -1.506e-04  1.506e-04
   4.15  2.142e-04 -2.142e-04
   4.25 -3.417e-04 -6.315e-04
   4.35 -3.263e-04  3.263e-04
   4.45  4.003e-04 -4.003e-04
   4.55 -5.070e-04 -1.328e-04
   4.65  0.000e+00  0.000e+00
   4.75  3.280e-04  3.280e-04
   4.85  0.000e+00  0.000e+00
   4.95  0.000e+00  0.000e+00
