   5.00  6.953e-06  1.213e-03  1.961e-03  1.880e-03 -5.348e-07 -6.899e-05  1.604e-06 -1.711e-04
  15.00  2.139e-05  1.335e-03  2.082e-03  1.926e-03 -6.418e-06 -9.199e-05 -1.150e-04 -6.097e-05
  25.00  3.530e-05  1.233e-03  1.964e-03  1.753e-03  1.070e-06 -2.139e-06 -1.861e-04 -6.578e-05
  35.00  1.102e-04  1.316e-03  1.908e-03  1.766e-03 -2.460e-05 -1.273e-04 -3.145e-04 -2.262e-04
  45.00  1.711e-04  1.292e-03  1.817e-03  1.745e-03 -1.177e-05 -2.567e-05  5.883e-05  4.385e-05
  55.00  2.048e-04  1.172e-03  1.807e-03  1.740e-03 -3.155e-05 -1.005e-04 -2.246e-05 -3.530e-05
  65.00  2.615e-04  1.156e-03  1.786e-03  1.671e-03 -4.225e-05 -1.497e-05  1.497e-05 -1.765e-05
  75.00  2.861e-04  1.077e-03  1.547e-03  1.576e-03 -4.653e-05 -3.904e-05  5.562e-05 -1.391e-05
  85.00  3.947e-04  1.103e-03  1.579e-03  1.474e-03 -4.278e-06 -2.300e-05  1.711e-05 -9.199e-05
  95.00  4.995e-04  9.899e-04  1.415e-03  1.369e-03 -8.557e-06  5.348e-07  6.953e-05 -1.620e-04
 105.00  5.963e-04  1.029e-03  1.466e-03  1.434e-03 -2.728e-05 -2.995e-05 -1.508e-04 -3.102e-05
 115.00  6.466e-04  9.840e-04  1.357e-03  1.287e-03  4.225e-05 -6.739e-05 -7.808e-05  3.476e-05
 125.00  6.771e-04  9.017e-04  1.350e-03  1.187e-03 -1.198e-04 -3.423e-05  8.557e-06 -1.027e-04
 135.00  7.140e-04  7.562e-04  1.125e-03  1.072e-03 -1.139e-04 -8.557e-06  3.637e-05  3.048e-05
 145.00  6.797e-04  7.407e-04  1.021e-03  1.039e-03 -2.300e-05 -1.979e-05 -7.487e-06 -5.348e-06
 155.00  8.215e-04  7.273e-04  9.883e-04  1.050e-03 -4.706e-05  7.487e-06  2.139e-05 -1.284e-05
 165.00  7.557e-04  6.626e-04  9.616e-04  9.322e-04  3.583e-05 -7.648e-05 -6.097e-05 -3.262e-05
 175.00  8.295e-04  6.824e-04  9.167e-04  8.118e-04 -8.022e-06 -4.492e-05 -1.230e-04  1.391e-05
 185.00  7.712e-04  6.434e-04  7.252e-04  7.364e-04  1.604e-05 -4.867e-05 -3.851e-05  3.048e-05
 195.00  8.070e-04  6.097e-04  7.402e-04  6.985e-04 -1.872e-05 -4.706e-05 -6.632e-05  2.246e-05
 205.00  8.006e-04  5.295e-04  6.525e-04  6.707e-04  6.578e-05  1.284e-05  8.129e-05  4.599e-05
 215.00  8.049e-04  5.300e-04  6.001e-04  6.578e-04 -4.760e-05  1.658e-05 -7.808e-05  6.418e-05
 225.00  6.963e-04  4.835e-04  5.819e-04  5.466e-04 -3.316e-05  3.637e-05  4.920e-05 -6.311e-05
 235.00  7.193e-04  4.161e-04  5.958e-04  4.963e-04 -5.883e-06  4.172e-05 -5.348e-06 -5.562e-05
 245.00  7.386e-04  4.097e-04  5.113e-04  4.920e-04  1.444e-05  4.172e-05 -1.070e-05 -5.348e-05
 255.00  6.974e-04  3.963e-04  4.321e-04  4.182e-04 -4.920e-05 -2.941e-05 -4.065e-05 -7.487e-06
 265.00  6.321e-04  4.049e-04  4.011e-04  4.107e-04 -1.497e-05  5.348e-07 -9.627e-06  8.985e-05
 275.00  6.477e-04  3.262e-04  3.348e-04  4.605e-04 -2.834e-05  3.423e-05  1.070e-06  4.653e-05
 285.00  6.102e-04  3.129e-04  3.765e-04  3.995e-04 -3.262e-05  3.744e-06 -2.139e-06  4.439e-05
 295.00  6.364e-04  3.059e-04  3.412e-04  3.476e-04  9.627e-06 -5.027e-05 -1.391e-05 -1.177e-05
 305.00  5.011e-04  2.883e-04  3.209e-04  2.899e-04  9.092e-06  1.230e-05 -1.497e-05  1.391e-05
 315.00  5.423e-04  2.412e-04  2.449e-04  3.626e-04 -1.925e-05 -8.022e-06 -6.311e-05  7.487e-06
 325.00  5.573e-04  2.808e-04  2.941e-04  2.952e-04 -2.460e-05 -1.979e-05  3.316e-05  6.418e-06
 335.00  5.792e-04  2.605e-04  2.385e-04  2.856e-04  2.407e-05 -4.813e-06  5.348e-06 -4.172e-05
 345.00  4.733e-04  2.551e-04  2.150e-04  2.257e-04  5.348e-07 -2.621e-05 -4.172e-05 -9.627e-06
 355.00  5.172e-04  2.417e-04  2.321e-04  2.663e-04  6.364e-05  8.557e-06  3.316e-05  2.032e-05
 365.00  4.942e-04  1.647e-04  2.011e-04  2.203e-04 -4.278e-06 -9.627e-06  0.000e+00 -5.990e-05
 375.00  4.503e-04  2.182e-04  1.604e-04  1.433e-04 -2.888e-05 -5.134e-05  6.418e-06  2.139e-06
 385.00  4.396e-04  2.391e-04  1.679e-04  1.786e-04  3.851e-05  3.155e-05 -3.316e-05 -2.246e-05
 395.00  4.311e-04  1.834e-04  9.413e-05  1.701e-04 -3.851e-05 -5.348e-07 -4.065e-05 -5.241e-05
 405.00  3.610e-04  1.957e-04  1.080e-04  1.679e-04  1.444e-05 -1.070e-05 -2.888e-05 -3.316e-05
 415.00  3.931e-04  1.733e-04  1.358e-04  1.423e-04 -4.439e-05 -3.958e-05 -3.209e-06 -1.818e-05
 425.00  3.321e-04  2.064e-04  1.134e-04  1.497e-04 -3.369e-05  7.487e-06  2.139e-06  8.557e-06
 435.00  3.749e-04  1.845e-04  1.112e-04  1.348e-04  8.022e-06  1.123e-05 -6.418e-06  0.000e+00
 445.00  3.145e-04  1.503e-04  1.134e-04  1.241e-04  2.139e-05 -1.551e-05 -3.423e-05  2.139e-06
 455.00  3.171e-04  1.727e-04  8.771e-05  9.947e-05  1.551e-05 -4.813e-06 -3.423e-05 -9.627e-06
 465.00  3.171e-04  1.947e-04  6.204e-05  1.102e-04 -3.155e-05 -1.604e-05  1.070e-05 -5.348e-06
 475.00  2.915e-04  1.642e-04  7.594e-05  8.343e-05 -3.744e-06 -1.123e-05  9.627e-06  2.139e-06
 485.00  3.150e-04  1.594e-04  6.097e-05  9.520e-05  9.092e-06  0.000e+00 -7.487e-06 -2.888e-05
 495.00  3.059e-04  1.273e-04  6.632e-05  1.059e-04 -6.418e-06 -6.418e-06  2.139e-06  2.032e-05
 505.00  2.738e-04  1.380e-04  5.134e-05  6.739e-05 -1.391e-05  3.209e-06 -8.557e-06 -3.209e-06
 515.00  2.669e-04  1.353e-04  5.134e-05  7.273e-05 -5.348e-07 -2.674e-06 -1.925e-05 -1.070e-05
 525.00  2.471e-04  1.364e-04  6.097e-05  6.953e-05  2.781e-05  1.765e-05 -1.177e-05 -1.818e-05
 535.00  2.588e-04  9.359e-05  3.423e-05  6.953e-05 -7.487e-06 -1.872e-05 -8.557e-06 -3.209e-06
 545.00  2.198e-04  1.086e-04  3.209e-05  5.134e-05  2.674e-06  2.674e-06  1.284e-05 -1.070e-05
 555.00  2.075e-04  1.059e-04  4.385e-05  5.027e-05 -3.637e-05 -1.925e-05  5.348e-06 -7.487e-06
 565.00  2.348e-04  1.262e-04  3.637e-05  6.311e-05 -2.941e-05  1.604e-05  2.139e-06 -2.246e-05
 575.00  1.957e-04  1.080e-04  3.637e-05  6.311e-05 -1.604e-05  2.139e-06 -1.497e-05 -2.888e-05
 585.00  2.219e-04  1.171e-04  1.711e-05  4.920e-05 -6.953e-06  5.348e-07  4.278e-06 -2.139e-06
 595.00  1.711e-04  8.022e-05  2.781e-05  2.995e-05 -5.241e-05 -1.070e-06 -4.278e-06 -1.070e-05
 605.00  1.925e-04  8.343e-05  1.604e-05  3.851e-05 -5.883e-05  7.487e-06 -1.070e-06 -3.209e-05
 615.00  1.813e-04  1.102e-04  1.818e-05  3.744e-05 -1.765e-05  1.284e-05  3.209e-06  1.177e-05
 625.00  1.674e-04  1.230e-04  2.139e-05  4.385e-05 -2.674e-06 -5.348e-06  6.418e-06 -3.209e-06
 635.00  1.653e-04  9.466e-05  1.070e-05  5.027e-05 -2.621e-05 -1.444e-05  0.000e+00  1.070e-06
 645.00  1.556e-04  6.471e-05  1.177e-05  3.744e-05  2.407e-05  1.016e-05  1.070e-06 -2.032e-05
 655.00  1.615e-04  9.680e-05  1.177e-05  3.209e-05  1.177e-05  1.016e-05  3.209e-06 -4.278e-06
 665.00  1.776e-04  8.397e-05  1.070e-05  2.674e-05 -1.925e-05 -1.337e-05 -4.278e-06  9.627e-06
 675.00  1.524e-04  8.664e-05  1.284e-05  2.781e-05 -4.813e-06  4.278e-06 -8.557e-06  0.000e+00
 685.00  1.391e-04  9.787e-05  1.711e-05  2.460e-05 -7.487e-06 -1.123e-05 -8.557e-06 -3.209e-06
 695.00  1.503e-04  8.343e-05  1.711e-05  2.032e-05 -2.514e-05  0.000e+00  0.000e+00 -5.348e-06
 705.00  1.439e-04  1.048e-04  1.818e-05  1.497e-05  9.092e-06 -7.487e-06  3.209e-06  2.139e-06
 715.00  1.439e-04  6.043e-05  1.497e-05  2.460e-05 -5.883e-06 -2.674e-06  0.000e+00 -5.348e-06
 725.00  1.171e-04  6.632e-05  3.209e-06  2.674e-05 -5.883e-06 -1.284e-05 -1.070e-06  9.627e-06
 735.00  1.086e-04  6.685e-05  8.557e-06  2.246e-05 -2.086e-05 -5.348e-07 -2.139e-06  1.391e-05
 745.00  1.166e-04  7.701e-05  9.627e-06  1.925e-05  1.070e-06 -6.418e-06 -1.070e-06 -8.557e-06
 755.00  1.118e-04  7.220e-05  2.139e-06  2.460e-05 -6.953e-06 -9.092e-06  4.278e-06  9.627e-06
 765.00  1.262e-04  8.183e-05  4.278e-06  1.497e-05 -1.604e-05  1.230e-05  2.139e-06 -6.418e-06
 775.00  1.123e-04  7.915e-05  5.348e-06  1.604e-05 -1.177e-05 -9.627e-06  9.627e-06  1.070e-06
 785.00  1.005e-04  6.578e-05  4.278e-06  9.627e-06  2.032e-05 -6.953e-06  4.278e-06  3.209e-06
 795.00  1.128e-04  7.434e-05  1.070e-06  2.139e-05  1.551e-05 -4.813e-06  3.209e-06 -8.557e-06
 805.00  1.038e-04  6.792e-05  6.418e-06  8.557e-06 -2.460e-05  3.744e-06  0.000e+00 -2.139e-06
 815.00  9.627e-05  6.953e-05  3.209e-06  1.818e-05 -1.818e-05 -2.246e-05 -3.209e-06  3.209e-06
 825.00  8.985e-05  4.011e-05  5.348e-06  2.353e-05 -1.497e-05 -1.658e-05  1.070e-06 -2.139e-06
 835.00  8.503e-05  8.824e-05  6.418e-06  1.711e-05 -5.348e-07 -1.123e-05  0.000e+00  4.278e-06
 845.00  1.021e-04  7.113e-05 -1.070e-06  1.070e-05  5.883e-06  3.744e-06 -3.209e-06 -2.139e-06
 855.00  7.594e-05  8.931e-05  2.139e-06  4.278e-06 -1.391e-05 -9.092e-06  2.139e-06 -2.139e-06
 865.00  1.054e-04  3.530e-05  3.209e-06  4.278e-06 -1.604e-06 -7.487e-06 -5.348e-06  2.139e-06
 875.00  8.290e-05  5.936e-05  1.070e-06  1.497e-05 -1.765e-05 -1.016e-05  1.070e-06 -4.278e-06
 885.00  8.503e-05  7.006e-05  2.139e-06  5.348e-06 -1.604e-06  9.092e-06  0.000e+00 -7.487e-06
 895.00  8.664e-05  6.364e-05  0.000e+00  7.487e-06  5.348e-06 -3.744e-06  2.139e-06 -5.348e-06
 905.00  1.005e-04  5.776e-05  2.139e-06  4.278e-06 -6.418e-06 -1.391e-05  0.000e+00  2.139e-06
 915.00  5.722e-05  5.348e-05 -1.070e-06  1.284e-05 -2.674e-06 -1.604e-05  1.070e-06  0.000e+00
 925.00  9.038e-05  4.867e-05  3.209e-06  9.627e-06 -6.953e-06 -3.744e-06  1.070e-06  1.070e-06
 935.00  8.183e-05  6.578e-05  0.000e+00  1.070e-05 -4.813e-06  3.744e-06  0.000e+00  2.139e-06
 945.00  8.343e-05  5.722e-05  2.139e-06  3.209e-06  4.278e-06 -1.604e-06  0.000e+00 -7.487e-06
 955.00  8.129e-05  5.455e-05  1.070e-06  1.284e-05 -1.284e-05  4.278e-06 -1.070e-06  2.139e-06
 965.00  6.364e-05  4.599e-05  4.278e-06  2.139e-06 -1.123e-05 -7.487e-06  0.000e+00  0.000e+00
 975.00  6.471e-05  5.562e-05  0.000e+00  6.418e-06 -1.230e-05 -1.711e-05 -2.139e-06 -4.278e-06
 985.00  5.509e-05  6.097e-05  2.139e-06  7.487e-06  8.022e-06  1.284e-05  0.000e+00 -5.348e-06
 995.00  8.450e-05  5.027e-05 -1.070e-06  2.139e-06  8.557e-06 -7.487e-06 -1.070e-06  6.418e-06
