-173.57  3.371e-04  4.267e-06
-160.71  5.377e-04  1.622e-04
-147.86  5.377e-04  6.827e-05
-135.00  4.224e-04 -1.920e-04
-122.14  5.675e-04 -2.987e-05
-109.29  7.638e-04 -2.091e-04
 -96.43  8.577e-04 -2.603e-04
 -83.57  7.766e-04 -1.707e-05
 -70.71  1.365e-03 -1.622e-04
 -57.86  1.540e-03 -3.030e-04
 -45.00  2.168e-03 -2.219e-04
 -32.14  2.428e-03  1.067e-04
 -19.29  3.060e-03 -2.774e-04
  -6.43  2.957e-03 -6.401e-05
   6.43  2.855e-03 -5.547e-05
  19.29  2.782e-03 -6.401e-04
  32.14  2.710e-03  2.091e-04
  45.00  1.758e-03  1.622e-04
  57.86  1.613e-03 -2.731e-04
  70.71  1.212e-03  1.622e-04
  83.57  7.297e-04 -2.006e-04
  96.43  7.980e-04 -2.134e-05
 109.29  6.230e-04 -4.267e-05
 122.14  5.846e-04 -4.694e-05
 135.00  3.755e-04  2.560e-05
 147.86  5.931e-04  1.280e-05
 160.71  5.035e-04  5.121e-05
 173.57  4.608e-04 -2.560e-05
