   0.05  9.934e-02 -2.521e-03
   0.15  9.648e-02  8.068e-03
   0.25  8.337e-02  2.017e-03
   0.35  7.026e-02  5.042e-03
   0.45  6.068e-02 -1.160e-02
   0.55  2.454e-02 -2.017e-03
   0.65  2.101e-02 -2.185e-03
   0.75  1.277e-02  6.723e-04
   0.85  1.143e-02 -3.698e-03
   0.95 -8.740e-03 -2.353e-03
   1.05 -2.185e-02  1.681e-03
   1.15 -3.362e-02  0.000e+00
   1.25 -1.849e-02 -4.034e-03
   1.35 -2.874e-02  2.521e-03
   1.45 -3.278e-02  1.513e-03
   1.55 -2.252e-02  4.034e-03
   1.65 -2.017e-02 -1.345e-03
   1.75 -3.143e-02  4.538e-03
   1.85 -2.219e-02  0.000e+00
   1.95 -2.185e-02  6.723e-03
   2.05 -2.101e-02  3.530e-03
   2.15 -2.101e-02  2.185e-03
   2.25 -1.210e-02  6.723e-04
   2.35 -1.143e-02 -2.689e-03
   2.45 -7.900e-03 -2.185e-03
   2.55 -6.051e-03 -1.681e-03
   2.65 -4.874e-03 -1.681e-04
   2.75 -1.345e-03 -1.345e-03
   2.85 -4.034e-03  3.362e-04
   2.95 -2.689e-03 -2.017e-03
   3.05 -1.513e-03  1.177e-03
   3.15 -1.513e-03 -5.042e-04
   3.25  1.681e-04  1.681e-04
   3.35 -1.008e-03  0.000e+00
   3.45 -1.177e-03  5.042e-04
   3.55 -1.849e-03  1.681e-04
   3.65 -1.008e-03 -6.723e-04
   3.75 -1.008e-03  0.000e+00
   3.85 -5.042e-04  8.404e-04
   3.95 -8.404e-04 -5.042e-04
   4.05 -1.008e-03  3.362e-04
   4.15 -3.362e-04  0.000e+00
   4.25 -3.362e-04  0.000e+00
   4.35 -8.404e-04  5.042e-04
   4.45  0.000e+00  0.000e+00
   4.55 -3.362e-04  0.000e+00
   4.65 -1.681e-04 -1.681e-04
   4.75  1.681e-04  1.681e-04
   4.85 -3.362e-04  3.362e-04
   4.95  1.681e-04 -1.681e-04
