-173.57  2.914e-04 -1.783e-04
-160.71  4.350e-04 -1.392e-04
-147.86  4.741e-04 -6.524e-05
-135.00  5.698e-04 -1.609e-04
-122.14  6.089e-04 -1.740e-05
-109.29  5.828e-04  1.653e-04
 -96.43  9.917e-04  7.829e-05
 -83.57  9.743e-04 -1.392e-04
 -70.71  1.087e-03 -1.653e-04
 -57.86  1.596e-03 -2.175e-05
 -45.00  1.923e-03 -8.699e-06
 -32.14  2.070e-03 -5.307e-04
 -19.29  2.745e-03 -5.611e-04
  -6.43  2.792e-03 -2.262e-04
   6.43  2.953e-03  1.348e-04
  19.29  2.558e-03 -3.219e-04
  32.14  2.740e-03 -1.392e-04
  45.00  1.788e-03 -4.045e-04
  57.86  1.444e-03 -3.480e-04
  70.71  1.214e-03  3.915e-05
  83.57  1.205e-03 -4.132e-04
  96.43  9.569e-04 -2.697e-04
 109.29  7.264e-04  2.175e-05
 122.14  6.350e-04  8.699e-06
 135.00  4.219e-04 -1.783e-04
 147.86  4.176e-04 -1.914e-04
 160.71  4.002e-04  5.220e-05
 173.57  3.393e-04 -2.436e-04
