   0.05  3.662e-01 -2.639e-02
   0.15  3.714e-01 -3.167e-02
   0.25  3.470e-01  6.238e-03
   0.35  3.340e-01 -7.678e-03
   0.45  2.644e-01  5.423e-02
   0.55  3.263e-01 -3.455e-02
   0.65  2.361e-01 -3.743e-02
   0.75  2.865e-01 -4.271e-02
   0.85  2.567e-01 -1.968e-02
   0.95  1.670e-01  3.167e-02
   1.05  1.737e-01 -4.319e-02
   1.15  1.752e-01 -2.399e-03
   1.25  1.128e-01 -5.279e-03
   1.35  1.181e-01 -3.647e-02
   1.45  1.152e-01  4.799e-03
   1.55  9.262e-02  5.279e-03
   1.65  9.166e-02 -1.104e-02
   1.75  9.838e-02 -3.887e-02
   1.85  9.982e-02  8.638e-03
   1.95  6.095e-02  1.392e-02
   2.05  5.471e-02 -3.839e-03
   2.15  3.023e-02 -1.200e-02
   2.25  1.392e-02  8.158e-03
   2.35  1.680e-02 -1.440e-03
   2.45  1.056e-02  8.638e-03
   2.55  2.303e-02  6.718e-03
   2.65  3.359e-03 -7.198e-03
   2.75  6.718e-03 -1.920e-03
   2.85  6.238e-03 -4.799e-04
   2.95  5.279e-03  2.399e-03
   3.05  1.920e-03 -9.598e-04
   3.15  3.359e-03 -4.799e-04
   3.25  4.319e-03 -6.238e-03
   3.35  0.000e+00  2.879e-03
   3.45  9.598e-04  0.000e+00
   3.55  2.399e-03  2.399e-03
   3.65  2.399e-03  2.399e-03
   3.75  9.598e-04  0.000e+00
   3.85  1.920e-03  1.920e-03
   3.95  0.000e+00  9.598e-04
   4.05  9.598e-04  0.000e+00
   4.15  0.000e+00  0.000e+00
   4.25  9.598e-04  9.598e-04
   4.35  9.598e-04 -9.598e-04
   4.45  9.598e-04  0.000e+00
   4.55 -4.799e-04  4.799e-04
   4.65  0.000e+00  0.000e+00
   4.75  0.000e+00  0.000e+00
   4.85  0.000e+00  0.000e+00
   4.95  0.000e+00  0.000e+00
