   0.05  4.811e-01  4.811e-01
   0.15  4.222e-01  4.222e-01
   0.25  4.021e-01  4.021e-01
   0.35  3.561e-01  3.561e-01
   0.45  3.295e-01  3.295e-01
   0.55  2.766e-01  2.766e-01
   0.65  2.273e-01  2.273e-01
   0.75  2.013e-01  2.013e-01
   0.85  1.599e-01  1.599e-01
   0.95  1.415e-01  1.415e-01
   1.05  1.033e-01  1.033e-01
   1.15  1.012e-01  1.012e-01
   1.25  8.194e-02  8.194e-02
   1.35  7.571e-02  7.571e-02
   1.45  6.229e-02  6.229e-02
   1.55  6.218e-02  6.218e-02
   1.65  5.037e-02  5.037e-02
   1.75  4.532e-02  4.532e-02
   1.85  2.867e-02  2.867e-02
   1.95  1.944e-02  1.944e-02
   2.05  1.224e-02  1.224e-02
   2.15  5.585e-03  5.585e-03
   2.25  4.618e-03  4.618e-03
   2.35  1.289e-03  1.289e-03
   2.45  7.518e-04  7.518e-04
   2.55  0.000e+00  0.000e+00
   2.65  1.074e-04  1.074e-04
   2.75  2.148e-04  2.148e-04
   2.85 -1.074e-04 -1.074e-04
   2.95 -1.074e-04 -1.074e-04
   3.05  0.000e+00  0.000e+00
   3.15  1.074e-04  1.074e-04
   3.25  0.000e+00  0.000e+00
   3.35  0.000e+00  0.000e+00
   3.45  0.000e+00  0.000e+00
   3.55  0.000e+00  0.000e+00
   3.65  0.000e+00  0.000e+00
   3.75  0.000e+00  0.000e+00
   3.85  0.000e+00  0.000e+00
   3.95  0.000e+00  0.000e+00
   4.05  0.000e+00  0.000e+00
   4.15  0.000e+00  0.000e+00
   4.25  0.000e+00  0.000e+00
   4.35  0.000e+00  0.000e+00
   4.45  0.000e+00  0.000e+00
   4.55  0.000e+00  0.000e+00
   4.65  0.000e+00  0.000e+00
   4.75  0.000e+00  0.000e+00
   4.85  0.000e+00  0.000e+00
   4.95  0.000e+00  0.000e+00
