 0.05  5.102e-01
 0.15  4.765e-01
 0.25  4.804e-01
 0.35  4.046e-01
 0.45  3.656e-01
 0.55  2.511e-01
 0.65  2.342e-01
 0.75  2.040e-01
 0.85  1.374e-01
 0.95  6.988e-02
 1.05  3.990e-02
 1.15  4.536e-02
 1.25  7.367e-03
 1.35  6.218e-02
 1.45  1.233e-02
 1.55 -2.109e-02
 1.65  0.000e+00
 1.75  0.000e+00
 1.85  0.000e+00
 1.95  0.000e+00
 2.05  0.000e+00
 2.15  0.000e+00
 2.25  0.000e+00
 2.35  0.000e+00
 2.45  0.000e+00
 2.55  0.000e+00
 2.65  0.000e+00
 2.75  0.000e+00
 2.85  0.000e+00
 2.95  0.000e+00
