      0	      1	0.376682	0.0324481
      0	      2	0.531532	0.0273453
      0	      3	0.628297	0.0236653
      0	      4	0.735358	0.0205461
      0	      5	0.737885	0.0206401
      0	      6	0.758242	0.0200719
      0	      7	0.796813	0.0179587
      0	      8	0.81289	0.0177825
      0	      9	0.845316	0.0168782
      0	     10	0.881188	0.0143985
      0	     11	0.87524	0.0144771
      0	     12	0.877863	0.0143045
      0	     13	0.882692	0.0141113
      0	     14	0.883588	0.0140107
      0	     15	0.911368	0.0124755
      0	     16	0.922201	0.0116679
      0	     17	0.89899	0.0135443
      0	     18	0.921105	0.0119723
      0	     19	0.890196	0.0138442
      1	      1	0.291667	0.0328029
      1	      2	0.552189	0.0288545
      1	      3	0.632877	0.0252301
      1	      4	0.697039	0.0219326
      1	      5	0.78308	0.0191956
      1	      6	0.805383	0.0180143
      1	      7	0.847458	0.0165494
      1	      8	  0.848	0.0160559
      1	      9	0.850895	0.0158818
      1	     10	0.842505	0.0158677
      1	     11	0.882114	0.0145382
      1	     12	0.892139	0.0132634
      1	     13	0.885057	0.0139602
      1	     14	0.911469	0.0127421
      1	     15	0.895204	0.0129086
      1	     16	0.899254	0.0130009
      1	     17	0.898148	0.0130155
      1	     18	0.92228	0.0111265
      1	     19	0.936382	0.0108826
      2	      1	0.317073	0.0325005
      2	      2	0.553691	0.0287967
      2	      3	0.683924	0.0242698
      2	      4	0.719603	0.0223759
      2	      5	0.756501	0.0208681
      2	      6	0.790541	0.0193117
      2	      7	0.836893	0.0162805
      2	      8	0.848948	0.0156586
      2	      9	0.871595	0.0147559
      2	     10	0.86106	0.0147889
      2	     11	0.851406	0.0159388
      2	     12	0.885542	0.0142663
      2	     13	0.893069	0.0137514
      2	     14	0.900735	0.0128203
      2	     15	0.90224	0.0134029
      2	     16	0.925046	0.0112586
      2	     17	0.920543	0.011906
      2	     18	0.916509	0.0120499
      2	     19	0.897297	0.0128858
      3	      1	0.261084	0.0308276
      3	      2	0.520408	0.0291363
      3	      3	0.658537	0.0261833
      3	      4	0.683924	0.0242698
      3	      5	0.740654	0.0211849
      3	      6	0.818985	0.0180903
      3	      7	0.833708	0.0176507
      3	      8	0.84375	0.0165728
      3	      9	0.841564	0.0165635
      3	     10	0.854406	0.0154372
      3	     11	0.873162	0.0142683
      3	     12	0.909091	0.0130673
      3	     13	0.921569	0.0119048
      3	     14	0.91635	0.0120718
      3	     15	0.888889	0.0143894
      3	     16	0.927203	0.0113713
      3	     17	0.90925	0.0120002
      3	     18	0.917582	0.0117689
      3	     19	0.941176	0.0105971
      4	      1	0.242574	0.030159
      4	      2	0.594891	0.0296572
      4	      3	0.638037	0.0266162
      4	      4	0.704485	0.0234372
      4	      5	0.785388	0.019617
      4	      6	0.818386	0.0182552
      4	      7	0.82241	0.0175721
      4	      8	0.828921	0.0169947
      4	      9	0.873786	0.0146336
      4	     10	0.897119	0.0137808
      4	     11	0.885772	0.0142396
      4	     12	0.884058	0.0145676
      4	     13	0.851626	0.0160258
      4	     14	0.887814	0.0138798
      4	     15	0.898039	0.0133992
      4	     16	0.900178	0.012656
      4	     17	0.920956	0.0115679
      4	     18	0.907372	0.0126048
      4	     19	0.926063	0.01125
      5	      1	0.280488	0.0350796
      5	      2	0.528517	0.0307811
      5	      3	0.655405	0.0276225
      5	      4	0.692722	0.0239529
      5	      5	0.753521	0.0208801
      5	      6	0.768293	0.0190218
      5	      7	0.779221	0.0192969
      5	      8	0.837675	0.0165074
      5	      9	0.841889	0.0165327
      5	     10	0.877847	0.0149001
      5	     11	0.887734	0.0143944
      5	     12	0.920696	0.0118839
      5	     13	0.914449	0.0121955
      5	     14	0.90239	0.0132462
      5	     15	0.917172	0.0123883
      5	     16	0.897119	0.0137808
      5	     17	0.913696	0.0121633
      5	     18	0.917782	0.0120116
      5	     19	0.915094	0.0121077
      6	      1	0.27044	0.0352263
      6	      2	0.54023	0.0308489
      6	      3	   0.68	0.026932
      6	      4	0.696477	0.0239351
      6	      5	0.76087	0.0209639
      6	      6	0.774266	0.0198628
      6	      7	0.810934	0.0186882
      6	      8	0.827887	0.0176192
      6	      9	0.864301	0.0156478
      6	     10	0.857438	0.0158921
      6	     11	0.856263	0.0158973
      6	     12	0.895582	0.0137033
      6	     13	0.892578	0.0136847
      6	     14	0.918972	0.0121309
      6	     15	0.905325	0.0130021
      6	     16	0.909774	0.0124216
      6	     17	0.914783	0.0116437
      6	     18	0.924099	0.0115366
      6	     19	0.901768	0.0131921
      7	      1	0.269231	0.0355132
      7	      2	0.533835	0.0305867
      7	      3	0.621538	0.0269032
      7	      4	0.730556	0.0233835
      7	      5	0.745679	0.0216391
      7	      6	0.804455	0.0197325
      7	      7	0.809195	0.0188398
      7	      8	0.837675	0.0165074
      7	      9	0.831933	0.0171389
      7	     10	0.844794	0.0160499
      7	     11	0.884381	0.0144016
      7	     12	0.879845	0.0143136
      7	     13	0.90184	0.0134548
      7	     14	0.891089	0.0138628
      7	     15	0.913386	0.0124793
      7	     16	0.884848	0.0143472
      7	     17	0.912065	0.0128067
      7	     18	0.925859	0.0111414
      7	     19	0.93295	0.0109469
      8	      1	0.241611	0.035068
      8	      2	0.536965	0.0311038
      8	      3	0.610738	0.0282449
      8	      4	0.733871	0.0229131
      8	      5	0.756501	0.0208681
      8	      6	0.813449	0.0181432
      8	      7	0.797778	0.0189343
      8	      8	0.81448	0.0184895
      8	      9	0.848101	0.0164859
      8	     10	  0.854	0.0157914
      8	     11	0.889109	0.0139727
      8	     12	0.862986	0.01555
      8	     13	0.894118	0.0136246
      8	     14	0.921933	0.0115662
      8	     15	0.911824	0.0126935
      8	     16	0.883534	0.0143746
      8	     17	0.919087	0.0124212
      8	     18	0.934615	0.0108406
      8	     19	0.93014	0.0113886
      9	      1	0.246575	0.0356712
      9	      2	0.561181	0.0322344
      9	      3	0.686131	0.0280351
      9	      4	0.66759	0.0247935
      9	      5	0.762755	0.0214856
      9	      6	0.779736	0.0194499
      9	      7	0.800429	0.0185147
      9	      8	0.852495	0.0165158
      9	      9	0.877049	0.0148651
      9	     10	0.854664	0.0164147
      9	     11	0.873362	0.0155398
      9	     12	0.880157	0.0143955
      9	     13	0.892368	0.0137098
      9	     14	0.882236	0.0144006
      9	     15	0.928571	0.0111657
      9	     16	  0.928	0.0115599
      9	     17	0.911523	0.012882
      9	     18	0.890943	0.0134015
      9	     19	0.91716	0.0122416
     10	      1	0.216867	0.0319861
     10	      2	0.530172	0.0327668
     10	      3	0.58642	0.0273597
     10	      4	0.754717	0.0223377
     10	      5	0.758355	0.0217045
     10	      6	0.799087	0.0191454
     10	      7	0.831019	0.0180295
     10	      8	0.826087	0.0176726
     10	      9	0.842672	0.0169034
     10	     10	0.856195	0.0165046
     10	     11	0.867704	0.0149444
     10	     12	0.900634	0.013755
     10	     13	0.873267	0.0148038
     10	     14	0.902256	0.0128752
     10	     15	0.940594	0.0105189
     10	     16	0.907273	0.0123678
     10	     17	  0.904	0.0131745
     10	     18	0.903353	0.0131226
     10	     19	0.911469	0.0127421
     11	      1	0.245161	0.0345531
     11	      2	0.509728	0.0311832
     11	      3	0.671141	0.0272147
     11	      4	0.721785	0.0229579
     11	      5	0.776596	0.0214807
     11	      6	0.757506	0.0205968
     11	      7	0.854762	0.0171925
     11	      8	0.822894	0.0177418
     11	      9	0.857778	0.0164651
     11	     10	0.845714	0.015765
     11	     11	0.902893	0.0134593
     11	     12	0.901119	0.0128933
     11	     13	0.887984	0.0142332
     11	     14	0.87551	0.0149142
     11	     15	0.891635	0.0135533
     11	     16	0.914934	0.0121296
     11	     17	0.917004	0.0124123
     11	     18	0.903288	0.0129989
     11	     19	0.928994	0.0114064
     12	      1	0.233766	0.0341045
     12	      2	0.51417	0.0318015
     12	      3	0.658307	0.0265544
     12	      4	0.702778	0.0240879
     12	      5	0.803965	0.0186319
     12	      6	0.793981	0.0194588
     12	      7	0.80083	0.0181911
     12	      8	0.835366	0.0167192
     12	      9	0.863071	0.0156584
     12	     10	0.843813	0.0163501
     12	     11	0.909651	0.0129908
     12	     12	0.872458	0.0143417
     12	     13	0.90411	0.0130253
     12	     14	0.888889	0.0137552
     12	     15	0.907843	0.0128081
     12	     16	0.897839	0.013424
     12	     17	0.922348	0.0116468
     12	     18	0.904587	0.0125843
     12	     19	0.920455	0.0117758
     13	      1	0.254777	0.0347755
     13	      2	0.52381	0.0314613
     13	      3	0.666667	0.0256032
     13	      4	0.72987	0.0226297
     13	      5	0.77635	0.021127
     13	      6	0.804989	0.0188671
     13	      7	0.810976	0.0176514
     13	      8	0.83501	0.0166493
     13	      9	0.847917	0.0163907
     13	     10	0.871901	0.0151909
     13	     11	0.870763	0.0154409
     13	     12	0.876838	0.0140896
     13	     13	0.890411	0.0138187
     13	     14	0.903475	0.0129752
     13	     15	0.888664	0.0141522
     13	     16	0.911232	0.0121052
     13	     17	0.942857	0.0101303
     13	     18	0.929104	0.0110856
     13	     19	0.913043	0.0125263
     14	      1	0.260563	0.0368352
     14	      2	0.529148	0.0334255
     14	      3	0.665722	0.025108
     14	      4	0.712435	0.0230381
     14	      5	0.734234	0.0209641
     14	      6	0.817987	0.0178552
     14	      7	0.834043	0.017161
     14	      8	0.811321	0.0179143
     14	      9	0.87594	0.0142921
     14	     10	  0.848	0.0160559
     14	     11	  0.848	0.0160559
     14	     12	0.846881	0.0156566
     14	     13	0.90625	0.0128817
     14	     14	0.907173	0.0133289
     14	     15	0.912886	0.0120137
     14	     16	0.921533	0.0114871
     14	     17	0.91619	0.0120937
     14	     18	  0.926	0.0117068
     14	     19	0.902804	0.0128069
     15	      1	0.318182	0.0375329
     15	      2	0.476923	0.0309756
     15	      3	0.638814	0.0249382
     15	      4	0.735751	0.0224429
     15	      5	0.72449	0.0225653
     15	      6	0.787281	0.019164
     15	      7	0.822894	0.0177418
     15	      8	0.823651	0.0173594
     15	      9	0.856299	0.0155636
     15	     10	0.855535	0.0152278
     15	     11	0.866109	0.0155757
     15	     12	0.884774	0.0144835
     15	     13	0.906639	0.0132518
     15	     14	0.903766	0.013489
     15	     15	0.907336	0.0127402
     15	     16	0.918063	0.0118355
     15	     17	0.890566	0.0135604
     15	     18	0.919021	0.0118387
     15	     19	0.925926	0.01127
     16	      1	0.24581	0.032182
     16	      2	0.515748	0.0313572
     16	      3	0.695238	0.0259353
     16	      4	0.758706	0.0213401
     16	      5	0.771619	0.0197671
     16	      6	0.799127	0.0187213
     16	      7	0.797009	0.0185929
     16	      8	0.824786	0.0175724
     16	      9	0.855072	0.0160178
     16	     10	0.841176	0.0161851
     16	     11	0.893967	0.013164
     16	     12	0.882692	0.0141113
     16	     13	0.895028	0.0131539
     16	     14	0.894834	0.0131768
     16	     15	0.910615	0.0123116
     16	     16	0.888889	0.0141254
     16	     17	0.901544	0.0130903
     16	     18	0.944444	0.0102032
     16	     19	0.90942	0.012216
     17	      1	0.338308	0.0333723
     17	      2	0.577922	0.028142
     17	      3	0.666667	0.0237792
     17	      4	0.753149	0.0216403
     17	      5	0.741007	0.021453
     17	      6	0.761616	0.0191515
     17	      7	0.823285	0.0173916
     17	      8	0.841889	0.0165327
     17	      9	0.855422	0.0157589
     17	     10	0.863135	0.0161487
     17	     11	0.867925	0.0147067
     17	     12	  0.875	0.0152226
     17	     13	0.870841	0.0148361
     17	     14	0.891386	0.013465
     17	     15	0.907273	0.0123678
     17	     16	0.897287	0.0133645
     17	     17	0.913043	0.011993
     17	     18	0.907895	0.0125373
     17	     19	0.908759	0.0123007
     18	      1	0.373134	0.0341131
     18	      2	0.591503	0.0281004
     18	      3	0.636842	0.0246702
     18	      4	0.709677	0.0210496
     18	      5	0.744589	0.0202888
     18	      6	0.793651	0.0180261
     18	      7	0.83125	0.0170949
     18	      8	0.826007	0.0162241
     18	      9	0.859375	0.0153634
     18	     10	0.860113	0.0150813
     18	     11	0.859073	0.0152879
     18	     12	0.890438	0.0139405
     18	     13	0.880081	0.0146461
     18	     14	0.910305	0.0124828
     18	     15	0.910156	0.0126377
     18	     16	0.909263	0.0124885
     18	     17	0.916357	0.0119359
     18	     18	0.911275	0.012225
     18	     19	0.93032	0.011049
     19	      1	0.302083	0.0331371
     19	      2	0.558405	0.0265053
     19	      3	0.662125	0.0246896
     19	      4	0.728643	0.0222888
     19	      5	   0.75	0.0204579
     19	      6	0.786749	0.0186376
     19	      7	0.839034	0.0164846
     19	      8	   0.84	0.0163951
     19	      9	  0.852	0.0158806
     19	     10	0.863971	0.0146983
     19	     11	0.879098	0.0147579
     19	     12	0.900362	0.0127483
     19	     13	0.896488	0.0130969
     19	     14	0.899796	0.0135788
     19	     15	0.895954	0.0134021
     19	     16	0.905028	0.0126515
     19	     17	0.894523	0.0138341
     19	     18	0.896364	0.0129962
     19	     19	0.895871	0.0129414
