      0	      2	0.245283	0.0591001
      0	      3	0.537313	0.0609144
      0	      4	0.674419	0.0505295
      0	      5	0.711538	0.0444249
      0	      6	0.774775	0.0396492
      0	      7	0.741667	0.039958
      0	      8	0.808696	0.036678
      0	      9	0.717391	0.0383293
      0	     10	0.716312	0.0379631
      0	     11	0.793103	0.0336401
      0	     12	0.763359	0.0371342
      0	     13	0.773913	0.0390063
      0	     14	0.780303	0.0360377
      0	     15	0.733813	0.0374868
      0	     16	0.756303	0.039355
      0	     17	0.753846	0.037781
      0	     18	0.778443	0.0321364
      0	     19	0.762821	0.0340555
      1	      2	0.282051	0.0720574
      1	      3	0.566667	0.0639734
      1	      4	0.797619	0.0438372
      1	      5	0.806818	0.0420852
      1	      6	0.903614	0.0323935
      1	      7	0.793103	0.0376108
      1	      8	0.864865	0.0324487
      1	      9	0.881481	0.0278184
      1	     10	0.864407	0.0315164
      1	     11	0.871212	0.029155
      1	     12	0.85906	0.0285059
      1	     13	0.819444	0.0320541
      1	     14	0.923664	0.0231999
      1	     15	0.872483	0.0273256
      1	     16	0.893333	0.0252044
      1	     17	0.887324	0.0265346
      1	     18	0.915254	0.0256383
      1	     19	0.928571	0.0217661
      2	      2	0.266667	0.0807373
      2	      3	0.608108	0.0567489
      2	      4	0.776471	0.0451877
      2	      5	0.840909	0.0389902
      2	      6	0.869565	0.0351119
      2	      7	0.848214	0.0339046
      2	      8	0.876106	0.030993
      2	      9	0.938462	0.0210771
      2	     10	0.871795	0.0309077
      2	     11	0.931298	0.0221001
      2	     12	0.882353	0.0276275
      2	     13	0.892617	0.0253633
      2	     14	0.898438	0.0266997
      2	     15	0.893082	0.024506
      2	     16	0.902985	0.0255686
      2	     17	0.955882	0.0176092
      2	     18	0.880282	0.0272425
      2	     19	0.913043	0.023986
      3	      2	0.214286	0.0775443
      3	      3	0.696429	0.0614433
      3	      4	0.765432	0.0470809
      3	      5	0.846154	0.0378222
      3	      6	0.840909	0.0389902
      3	      7	0.851485	0.0353845
      3	      8	0.858333	0.0318325
      3	      9	0.910891	0.0283487
      3	     10	0.833333	0.0349045
      3	     11	0.863636	0.0298695
      3	     12	0.866197	0.0285691
      3	     13	0.834586	0.0322178
      3	     14	0.872881	0.0306649
      3	     15	0.879699	0.0282082
      3	     16	0.908451	0.024201
      3	     17	0.859375	0.0307268
      3	     18	0.850746	0.0307829
      3	     19	0.896774	0.0244382
      4	      2	0.185185	0.052861
      4	      3	0.590164	0.062969
      4	      4	0.850746	0.0435337
      4	      5	0.894737	0.035203
      4	      6	0.773585	0.0406494
      4	      7	0.844828	0.0336173
      4	      8	  0.816	0.0346576
      4	      9	0.876923	0.0288136
      4	     10	0.880952	0.0288504
      4	     11	0.890411	0.0258525
      4	     12	0.816667	0.0353226
      4	     13	0.875969	0.0290212
      4	     14	0.870229	0.0293609
      4	     15	0.835821	0.032001
      4	     16	0.912791	0.0215131
      4	     17	0.846715	0.0307792
      4	     18	0.806723	0.0361975
      4	     19	0.879747	0.0258761
      5	      2	    0.2	0.0632456
      5	      3	0.645833	0.0690309
      5	      4	0.708333	0.0535668
      5	      5	0.865169	0.0362035
      5	      6	0.827957	0.0391364
      5	      7	0.868421	0.0316596
      5	      8	0.862385	0.0329966
      5	      9	0.872727	0.0317768
      5	     10	0.826446	0.0344296
      5	     11	0.915254	0.0256383
      5	     12	0.846774	0.0323474
      5	     13	0.877698	0.0277896
      5	     14	0.822034	0.0352105
      5	     15	0.852459	0.032108
      5	     16	0.879699	0.0282082
      5	     17	0.896552	0.025291
      5	     18	0.827068	0.0327931
      5	     19	0.850394	0.0316507
      6	      2	0.0487805	0.0336412
      6	      3	   0.48	0.0706541
      6	      4	0.736842	0.0505113
      6	      5	0.763158	0.0487674
      6	      6	0.865385	0.0334684
      6	      7	0.861386	0.0343828
      6	      8	0.883495	0.0316123
      6	      9	0.835052	0.037683
      6	     10	0.862385	0.0329966
      6	     11	0.853659	0.0318694
      6	     12	0.892617	0.0253633
      6	     13	0.891473	0.027386
      6	     14	0.909836	0.0259309
      6	     15	0.853147	0.0295996
      6	     16	0.851562	0.031425
      6	     17	0.862319	0.0293313
      6	     18	0.885246	0.028856
      6	     19	0.86014	0.0290044
      7	      2	 0.0625	0.0427908
      7	      3	0.390625	0.0609863
      7	      4	0.807018	0.0522713
      7	      5	0.813333	0.0449922
      7	      6	0.865169	0.0362035
      7	      7	0.827273	0.036042
      7	      8	0.896907	0.0308746
      7	      9	0.828829	0.0357508
      7	     10	    0.8	0.0373002
      7	     11	0.855856	0.0333378
      7	     12	0.898148	0.0291036
      7	     13	0.87395	0.0304258
      7	     14	0.828125	0.0333464
      7	     15	0.788079	0.033257
      7	     16	0.898438	0.0266997
      7	     17	0.885906	0.0260455
      7	     18	0.864662	0.0296625
      7	     19	0.846154	0.0316444
      8	      2	0.162162	0.0605974
      8	      3	0.412698	0.0620264
      8	      4	0.758621	0.0561886
      8	      5	0.797753	0.0425775
      8	      6	0.764706	0.0514397
      8	      7	    0.8	0.0421637
      8	      8	0.81982	0.0364797
      8	      9	0.834951	0.0365778
      8	     10	0.901786	0.028121
      8	     11	0.849624	0.0309939
      8	     12	0.873016	0.029662
      8	     13	0.825758	0.0330154
      8	     14	0.886792	0.0307748
      8	     15	0.845588	0.0309849
      8	     16	0.80916	0.0343333
      8	     17	0.830769	0.0328858
      8	     18	0.87234	0.0281035
      8	     19	0.848921	0.0303759
      9	      2	0.0714286	0.0486704
      9	      3	   0.54	0.070484
      9	      4	0.735294	0.0535005
      9	      5	 0.7375	0.0491927
      9	      6	0.769231	0.0477057
      9	      7	0.78125	0.0421923
      9	      8	0.880342	0.0300057
      9	      9	0.836957	0.0385132
      9	     10	0.807018	0.0369614
      9	     11	0.833333	0.0340207
      9	     12	0.859813	0.0335632
      9	     13	0.889764	0.0277906
      9	     14	0.820144	0.0325762
      9	     15	0.860294	0.0297277
      9	     16	0.818898	0.0341724
      9	     17	0.857143	0.0295742
      9	     18	0.864865	0.0324487
      9	     19	0.935065	0.0198564
     10	      2	    0.2	0.0730297
     10	      3	0.659574	0.0691185
     10	      4	0.657143	0.0567332
     10	      5	0.736842	0.0505113
     10	      6	0.755319	0.0443406
     10	      7	0.826531	0.0382497
     10	      8	0.886957	0.0295274
     10	      9	0.833333	0.0324375
     10	     10	0.896552	0.0282762
     10	     11	0.931624	0.0233335
     10	     12	0.901639	0.0269617
     10	     13	   0.84	0.0327902
     10	     14	0.864407	0.0315164
     10	     15	0.915385	0.0244093
     10	     16	0.880342	0.0300057
     10	     17	0.839161	0.0307221
     10	     18	0.847134	0.0287198
     10	     19	0.907801	0.024364
     11	      2	0.138889	0.0576384
     11	      3	   0.46	0.070484
     11	      4	0.628571	0.0577519
     11	      5	 0.7375	0.0491927
     11	      6	0.777778	0.0438228
     11	      7	0.810526	0.0402065
     11	      8	0.850467	0.0344751
     11	      9	0.87395	0.0304258
     11	     10	0.848485	0.0360357
     11	     11	0.828125	0.0333464
     11	     12	0.903226	0.0265502
     11	     13	0.874016	0.0294453
     11	     14	  0.888	0.0282072
     11	     15	0.840909	0.0318354
     11	     16	0.883212	0.0274392
     11	     17	0.895105	0.025624
     11	     18	0.844595	0.0297801
     11	     19	0.882353	0.0276275
     12	      2	    0.1	0.0547723
     12	      3	  0.625	0.0646936
     12	      4	0.684932	0.0543707
     12	      5	0.73913	0.0528625
     12	      6	0.791667	0.0414491
     12	      7	0.820755	0.0372544
     12	      8	0.869565	0.031405
     12	      9	0.863636	0.0327204
     12	     10	0.890909	0.0297245
     12	     11	0.815789	0.0363073
     12	     12	  0.848	0.0321118
     12	     13	  0.875	0.0283589
     12	     14	0.869863	0.0278451
     12	     15	0.779412	0.0355554
     12	     16	0.826667	0.0309073
     12	     17	0.889831	0.0288233
     12	     18	0.882353	0.0276275
     12	     19	0.875912	0.0281666
     13	      2	0.184211	0.0628861
     13	      3	0.431818	0.0746737
     13	      4	 0.7625	0.0475781
     13	      5	0.892473	0.0321229
     13	      6	0.831461	0.0396804
     13	      7	0.852632	0.0363681
     13	      8	0.846847	0.0341825
     13	      9	0.867257	0.0319184
     13	     10	0.857143	0.033065
     13	     11	0.880734	0.0310433
     13	     12	0.868217	0.0297817
     13	     13	0.857143	0.031174
     13	     14	0.824561	0.0356223
     13	     15	0.917431	0.0263622
     13	     16	0.853659	0.0318694
     13	     17	0.862595	0.0300794
     13	     18	0.872483	0.0273256
     13	     19	0.870229	0.0293609
     14	      2	0.205128	0.064659
     14	      3	  0.625	0.0646936
     14	      4	0.769231	0.0477057
     14	      5	0.790123	0.0452467
     14	      6	0.837838	0.0428488
     14	      7	0.839623	0.0356419
     14	      8	0.853933	0.0374363
     14	      9	0.819672	0.0348074
     14	     10	0.89916	0.0276034
     14	     11	0.919643	0.025687
     14	     12	0.96063	0.0172568
     14	     13	0.907895	0.0234551
     14	     14	0.855072	0.0299666
     14	     15	0.819672	0.0348074
     14	     16	0.862745	0.0278201
     14	     17	0.857143	0.0303425
     14	     18	0.867257	0.0319184
     14	     19	0.837398	0.0332718
     15	      2	0.166667	0.0680414
     15	      3	0.618182	0.0655096
     15	      4	0.777778	0.0489954
     15	      5	0.828283	0.0379034
     15	      6	0.819048	0.0375701
     15	      7	0.858333	0.0318325
     15	      8	0.880734	0.0310433
     15	      9	0.866142	0.0302145
     15	     10	0.872881	0.0306649
     15	     11	0.869231	0.0295698
     15	     12	0.876712	0.027209
     15	     13	0.854305	0.0287105
     15	     14	0.864865	0.0281014
     15	     15	0.885496	0.0278207
     15	     16	0.848276	0.0297928
     15	     17	0.913793	0.0260595
     15	     18	  0.875	0.0268248
     15	     19	0.818182	0.0350631
     16	      2	  0.125	0.0584634
     16	      3	0.652174	0.0573374
     16	      4	0.802817	0.0472187
     16	      5	0.842697	0.0385931
     16	      6	0.883495	0.0316123
     16	      7	0.842593	0.0350437
     16	      8	0.853659	0.0318694
     16	      9	   0.88	0.0324962
     16	     10	   0.85	0.032596
     16	     11	0.825688	0.0363378
     16	     12	  0.848	0.0321118
     16	     13	0.878049	0.0295053
     16	     14	  0.875	0.0301904
     16	     15	0.842466	0.03015
     16	     16	0.854651	0.0268742
     16	     17	0.89375	0.024362
     16	     18	0.849624	0.0309939
     16	     19	0.872611	0.0266088
     17	      2	0.338983	0.0616268
     17	      3	0.671642	0.0573727
     17	      4	   0.75	0.0484123
     17	      5	0.888889	0.0349189
     17	      6	0.837209	0.0398091
     17	      7	    0.8	   0.04
     17	      8	0.846847	0.0341825
     17	      9	0.864662	0.0296625
     17	     10	0.865546	0.0312722
     17	     11	0.859375	0.0307268
     17	     12	0.887417	0.0257224
     17	     13	0.923077	0.0233709
     17	     14	0.830645	0.0336818
     17	     15	0.897059	0.0260577
     17	     16	0.883212	0.0274392
     17	     17	0.834483	0.0308636
     17	     18	0.923729	0.024435
     17	     19	0.81875	0.0304547
     18	      2	0.152542	0.0468089
     18	      3	0.548387	0.063202
     18	      4	0.72093	0.0483675
     18	      5	0.846939	0.0363702
     18	      6	0.876289	0.0334305
     18	      7	0.862595	0.0300794
     18	      8	0.868421	0.0316596
     18	      9	0.764706	0.0388847
     18	     10	0.850394	0.0316507
     18	     11	0.808333	0.0359317
     18	     12	0.80292	0.0339858
     18	     13	0.825503	0.0310928
     18	     14	0.898649	0.0248073
     18	     15	0.871951	0.0260923
     18	     16	0.896296	0.0262395
     18	     17	0.878378	0.0268668
     18	     18	0.859375	0.0307268
     18	     19	0.85625	0.027736
     19	      2	0.266667	0.0570899
     19	      3	0.458333	0.0587206
     19	      4	0.695652	0.0479719
     19	      5	0.744898	0.0440344
     19	      6	   0.75	0.0409159
     19	      7	0.844262	0.0328288
     19	      8	0.726316	0.0457431
     19	      9	0.753846	0.037781
     19	     10	0.731343	0.0382919
     19	     11	    0.8	0.0338062
     19	     12	0.788321	0.0349004
     19	     13	0.784173	0.0348941
     19	     14	0.757812	0.0378662
     19	     15	0.736486	0.036212
     19	     16	0.784722	0.0342512
     19	     17	0.737589	0.0370501
     19	     18	0.828125	0.0333464
     19	     19	0.778571	0.0350915
