 0.05  4.735e-01
 0.15  4.660e-01
 0.25  4.475e-01
 0.35  4.208e-01
 0.45  3.908e-01
 0.55  3.576e-01
 0.65  3.182e-01
 0.75  2.832e-01
 0.85  2.440e-01
 0.95  2.065e-01
 1.05  1.747e-01
 1.15  1.444e-01
 1.25  1.187e-01
 1.35  9.494e-02
 1.45  7.357e-02
 1.55  5.178e-02
 1.65  2.705e-02
 1.75  9.508e-03
 1.85  4.611e-03
 1.95  3.124e-03
 2.05  1.852e-03
 2.15  1.140e-03
 2.25  7.304e-04
 2.35  3.055e-04
 2.45  2.316e-04
 2.55  4.418e-05
 2.65  4.926e-05
 2.75  1.434e-05
 2.85  2.094e-05
 2.95  4.538e-06
