   5.00  0.000e+00  7.337e-05 -2.446e-05  2.131e-04  0.000e+00  1.747e-05  8.036e-05  1.747e-05
  15.00  0.000e+00  7.163e-05  1.974e-04  1.467e-04  0.000e+00 -5.241e-06  1.031e-04  1.398e-05
  25.00  3.494e-06  2.970e-05  1.118e-04  1.677e-04 -6.988e-06  1.223e-05  4.193e-05  1.398e-05
  35.00  1.048e-05  7.512e-05  1.398e-04  1.398e-04  6.988e-06 -4.018e-05 -1.398e-05  6.988e-05
  45.00  0.000e+00  5.940e-05  1.258e-04  2.271e-04  0.000e+00  6.639e-05  9.084e-05 -3.843e-05
  55.00  1.048e-05  5.590e-05  1.712e-04  2.096e-04  6.988e-06  5.241e-05  3.494e-06  1.398e-05
  65.00  6.988e-06  6.988e-05 -3.494e-06  1.992e-04  6.988e-06 -1.048e-05  3.494e-06 -5.940e-05
  75.00  2.446e-05  8.211e-05  2.096e-05  1.747e-04 -6.988e-06  2.620e-05  7.687e-05 -4.193e-05
  85.00  1.048e-05 -3.494e-06  1.433e-04  1.642e-04  0.000e+00  3.145e-05  1.048e-05 -3.145e-05
  95.00  1.747e-05  6.289e-05  3.843e-05  2.236e-04  1.398e-05  1.048e-05  1.747e-05  2.795e-05
 105.00  3.319e-05 -5.241e-06  2.446e-05  2.446e-04  1.922e-05  4.018e-05  1.048e-05  6.289e-05
 115.00  4.018e-05  5.940e-05  8.386e-05  9.434e-05  8.735e-06  0.000e+00 -1.048e-04  6.639e-05
 125.00  1.572e-05  9.958e-05  1.118e-04  1.642e-04  5.241e-06 -1.922e-05  6.988e-06 -6.639e-05
 135.00  4.717e-05  2.970e-05  1.048e-05  2.201e-04 -2.620e-05  5.241e-06 -3.494e-06  5.940e-05
 145.00  2.271e-05 -1.747e-06  1.013e-04  2.026e-04  1.747e-06  2.970e-05  1.048e-05  6.289e-05
 155.00  1.747e-05 -1.747e-06  1.398e-04  9.084e-05  3.494e-06  1.922e-05  3.494e-05  2.795e-05
 165.00  5.940e-05  4.717e-05  3.145e-05  1.398e-04  4.193e-05  4.367e-05  5.940e-05  6.988e-06
 175.00  4.542e-05  7.861e-05  7.337e-05  2.516e-04 -1.048e-05  5.066e-05 -5.241e-05  4.193e-05
 185.00  1.083e-04  0.000e+00  4.892e-05  6.289e-05 -3.494e-06 -2.446e-05 -4.193e-05 -9.084e-05
 195.00  8.386e-05  1.223e-05 -4.193e-05  1.153e-04  0.000e+00  1.922e-05  1.398e-05 -4.542e-05
 205.00  6.813e-05 -6.988e-06 -3.145e-05  1.223e-04  2.271e-05  5.590e-05  1.013e-04  1.048e-05
 215.00  9.084e-05  3.669e-05 -1.747e-05  1.467e-04 -3.494e-06 -4.367e-05  3.843e-05  7.687e-05
 225.00  1.922e-05  1.572e-05  5.590e-05  4.892e-05  5.241e-06  8.735e-06  1.398e-05 -6.988e-05
 235.00  9.958e-05  2.446e-05  9.783e-05  2.201e-04  2.620e-05  3.843e-05  4.892e-05  3.494e-06
 245.00  1.048e-04  2.271e-05  1.153e-04  1.153e-04 -3.145e-05  1.223e-05  9.434e-05 -1.747e-05
 255.00  9.434e-05 -8.735e-06 -1.398e-05  9.783e-05  2.446e-05 -1.572e-05 -2.096e-05 -2.096e-05
 265.00  6.639e-05 -2.096e-05 -9.783e-05  5.940e-05  1.048e-05 -1.048e-05 -2.096e-05 -1.048e-05
 275.00  1.083e-04 -3.843e-05  2.096e-05  4.892e-05  1.747e-05  0.000e+00 -6.988e-06 -2.096e-05
 285.00  1.013e-04  2.096e-05 -5.241e-05 -3.494e-06 -3.494e-06 -2.096e-05 -5.241e-05  1.747e-05
 295.00  1.240e-04 -2.096e-05  6.289e-05  1.083e-04  2.271e-05 -3.145e-05 -2.795e-05  2.446e-05
 305.00  9.783e-05 -1.398e-05  3.494e-05  8.386e-05  0.000e+00 -6.988e-06 -6.988e-06  7.687e-05
 315.00  1.013e-04  1.572e-05 -8.386e-05  1.048e-05  1.048e-05  5.241e-06  2.096e-05 -3.494e-06
 325.00  8.036e-05 -2.795e-05 -7.337e-05  5.590e-05  1.398e-05  5.940e-05  5.241e-05  6.289e-05
 335.00  4.542e-05 -4.892e-05  8.386e-05  1.013e-04  6.988e-05  2.795e-05  2.795e-05  1.048e-05
 345.00  5.066e-05 -6.464e-05 -3.145e-05  5.241e-05 -8.735e-06 -1.223e-05  4.542e-05  3.843e-05
 355.00  7.337e-05  2.620e-05 -1.048e-05 -5.241e-05  5.590e-05  2.271e-05  1.433e-04  5.940e-05
 365.00  1.048e-04  1.398e-05 -2.795e-05  1.747e-05  1.747e-05  2.096e-05 -2.096e-05 -3.843e-05
 375.00  1.118e-04  0.000e+00  0.000e+00  6.988e-06  3.494e-05 -3.843e-05 -6.988e-06 -6.988e-06
 385.00  9.608e-05 -2.620e-05 -6.988e-05  6.988e-06 -3.669e-05  1.223e-05 -6.289e-05 -5.590e-05
 395.00  7.687e-05  5.765e-05 -3.843e-05  4.542e-05  2.446e-05  3.669e-05  3.494e-06  3.145e-05
 405.00  5.590e-05  1.747e-06 -2.096e-05  3.145e-05  5.940e-05 -1.572e-05 -7.687e-05  2.446e-05
 415.00  3.669e-05 -1.048e-05 -2.096e-05 -4.892e-05  2.620e-05  3.494e-06 -4.193e-05  1.398e-05
 425.00  6.464e-05 -1.747e-05  5.940e-05  1.747e-05  1.747e-06  3.494e-06 -1.048e-05  3.494e-06
 435.00  8.036e-05 -3.319e-05  3.494e-06 -3.494e-06 -2.096e-05 -4.367e-05  3.494e-06 -5.940e-05
 445.00  1.153e-04 -2.446e-05  3.843e-05 -2.446e-05  3.145e-05 -3.494e-06 -6.639e-05 -2.446e-05
 455.00  3.319e-05 -1.747e-05 -2.446e-05  1.048e-05  1.747e-06  2.795e-05 -7.337e-05  3.494e-06
 465.00  1.572e-05 -2.446e-05  2.795e-05 -2.795e-05 -2.271e-05 -1.747e-05 -6.988e-06 -2.795e-05
 475.00  4.717e-05 -1.922e-05 -3.843e-05 -5.241e-05 -5.241e-06  1.223e-05  3.494e-06 -3.494e-06
 485.00  4.542e-05 -8.735e-06 -2.096e-05 -5.590e-05 -1.048e-05 -5.241e-06 -4.892e-05  0.000e+00
 495.00  6.464e-05 -2.096e-05 -6.988e-06 -4.542e-05 -2.620e-05 -1.747e-05 -2.096e-05  3.843e-05
 505.00  2.970e-05  2.620e-05  1.747e-05 -1.747e-05  1.922e-05 -1.922e-05 -4.542e-05  1.048e-05
 515.00  2.446e-05 -3.494e-05 -5.241e-05 -8.036e-05 -2.096e-05 -1.048e-05  3.494e-06 -3.145e-05
 525.00  2.620e-05 -1.922e-05 -5.940e-05 -3.494e-05 -1.922e-05  1.223e-05  3.145e-05  4.193e-05
 535.00  5.590e-05 -1.747e-05 -5.241e-05 -2.795e-05  1.048e-05  0.000e+00  2.446e-05 -2.795e-05
 545.00  2.271e-05  2.795e-05 -5.590e-05 -7.337e-05 -8.735e-06 -4.892e-05 -2.096e-05  3.494e-06
 555.00  8.036e-05 -1.398e-05 -2.446e-05 -3.145e-05 -5.241e-05  1.048e-05  3.145e-05  1.747e-05
 565.00  6.114e-05 -1.398e-05 -1.398e-05 -5.241e-05  3.319e-05  1.398e-05 -3.494e-05  2.446e-05
 575.00  2.446e-05 -6.988e-06  3.494e-06 -7.337e-05  1.048e-05  2.795e-05 -3.145e-05  1.048e-05
 585.00  2.620e-05 -1.223e-05  6.988e-06 -2.096e-05 -1.747e-06 -5.241e-06 -6.988e-06 -1.398e-05
 595.00  3.669e-05 -3.494e-05 -4.193e-05  2.795e-05  2.271e-05  1.048e-05  6.988e-06  2.096e-05
 605.00  3.669e-05 -5.241e-06  3.843e-05 -6.639e-05 -2.620e-05  1.922e-05  3.494e-06  5.940e-05
 615.00  2.446e-05 -5.241e-06 -1.048e-05 -2.446e-05  2.096e-05  5.241e-06 -1.048e-05 -1.048e-05
 625.00  1.922e-05 -2.620e-05 -1.398e-05 -9.434e-05 -6.464e-05 -1.922e-05 -1.398e-05  5.241e-05
 635.00  2.795e-05 -3.145e-05 -6.988e-05 -5.940e-05 -3.494e-06  1.747e-05  1.398e-05  3.494e-06
 645.00  7.337e-05 -5.590e-05  0.000e+00 -6.289e-05  2.446e-05  6.988e-06  2.096e-05  4.193e-05
 655.00 -5.066e-05 -1.223e-05 -6.988e-06 -4.193e-05  2.620e-05 -1.223e-05  1.398e-05  6.988e-06
 665.00 -1.398e-05 -5.241e-06 -4.193e-05 -1.747e-05  1.398e-05  5.241e-06  6.289e-05 -2.446e-05
 675.00  2.446e-05 -3.145e-05  2.795e-05 -1.118e-04 -1.747e-05  6.988e-06 -3.494e-05  0.000e+00
 685.00 -8.735e-06 -1.572e-05 -1.747e-05 -9.084e-05 -8.735e-06  4.367e-05 -3.843e-05 -2.795e-05
 695.00 -6.464e-05 -3.145e-05 -3.494e-06 -5.241e-05 -5.241e-06  1.048e-05 -2.446e-05  3.494e-06
 705.00 -1.747e-05 -8.735e-06  3.494e-05 -2.795e-05 -1.747e-05 -1.747e-06  0.000e+00 -4.892e-05
 715.00 -2.795e-05  0.000e+00 -2.446e-05 -4.193e-05 -6.988e-06 -3.494e-06  3.494e-06  1.398e-05
 725.00 -8.735e-06 -2.795e-05 -3.494e-05 -1.118e-04 -1.922e-05 -2.096e-05  1.398e-05  1.398e-05
 735.00 -4.892e-05 -1.747e-05 -3.145e-05 -9.084e-05  0.000e+00  1.048e-05  1.048e-05 -3.494e-05
 745.00 -1.747e-05 -2.620e-05 -3.494e-06 -1.398e-05  3.494e-06  1.223e-05  1.048e-05  1.398e-05
 755.00 -5.066e-05  3.494e-06 -1.747e-05 -8.036e-05  5.241e-06 -1.048e-05 -2.446e-05  3.843e-05
 765.00 -5.940e-05  0.000e+00 -3.494e-05 -6.289e-05  3.843e-05 -1.048e-05  1.398e-05  1.398e-05
 775.00 -4.193e-05 -2.446e-05 -4.193e-05 -6.639e-05 -1.048e-05 -2.096e-05 -1.398e-05  3.494e-06
 785.00 -2.795e-05  5.241e-06 -1.398e-05 -4.892e-05 -3.843e-05 -5.241e-06  6.988e-06 -2.795e-05
 795.00 -2.271e-05 -8.735e-06 -1.398e-05 -4.892e-05  1.223e-05  8.735e-06  1.398e-05  1.398e-05
 805.00 -4.018e-05 -6.988e-06 -3.494e-06 -2.795e-05  3.669e-05  1.398e-05 -3.494e-06  0.000e+00
 815.00 -5.590e-05  8.735e-06 -6.988e-06 -9.084e-05  2.446e-05 -1.223e-05  6.988e-06  1.398e-05
 825.00 -7.337e-05 -5.241e-06 -2.096e-05 -1.048e-04  4.542e-05  5.241e-06  6.988e-06  2.096e-05
 835.00 -6.289e-05 -1.048e-05 -1.398e-05 -6.289e-05  4.542e-05  6.988e-06 -6.988e-06 -6.988e-06
 845.00 -2.795e-05 -1.398e-05 -3.494e-05 -5.940e-05 -1.398e-05  6.988e-06 -1.398e-05 -3.145e-05
 855.00 -1.223e-05 -2.620e-05 -3.145e-05 -3.843e-05 -1.572e-05 -2.620e-05  1.048e-05 -2.446e-05
 865.00 -5.416e-05  1.048e-05 -1.048e-05 -8.386e-05 -8.735e-06  2.096e-05  3.494e-06  3.494e-05
 875.00 -2.096e-05 -2.795e-05  1.398e-05 -7.337e-05  0.000e+00  1.048e-05  6.988e-06  1.747e-05
 885.00 -8.735e-06 -2.446e-05 -6.988e-06 -3.145e-05 -2.970e-05  3.494e-06  1.398e-05  1.048e-05
 895.00 -5.590e-05  1.048e-05 -1.048e-05 -4.892e-05  3.494e-06 -6.988e-06  2.446e-05  2.096e-05
 905.00  8.735e-06  1.747e-06 -1.747e-05 -3.145e-05  1.747e-06 -1.747e-06 -3.494e-06  2.446e-05
 915.00 -7.163e-05  1.572e-05 -3.494e-06 -4.717e-05  8.735e-06  1.223e-05 -3.494e-06  2.620e-05
 925.00 -6.464e-05  5.241e-06 -3.494e-06 -1.747e-05  2.620e-05  1.747e-06  1.048e-05 -1.048e-05
 935.00 -2.620e-05  1.048e-05  6.988e-06 -3.843e-05 -1.572e-05 -6.988e-06 -6.988e-06 -3.145e-05
 945.00 -6.114e-05 -3.494e-06 -6.988e-06 -4.542e-05  1.572e-05  1.048e-05  0.000e+00  1.048e-05
 955.00 -2.271e-05 -1.048e-05 -1.048e-05 -3.843e-05 -2.620e-05  0.000e+00  1.048e-05 -1.747e-05
 965.00 -3.319e-05  2.446e-05  3.494e-06 -4.193e-05 -2.970e-05 -3.494e-06  3.494e-06 -2.096e-05
 975.00 -3.319e-05  1.747e-06 -3.494e-06 -5.940e-05 -1.747e-06  3.669e-05  1.048e-05  3.145e-05
 985.00 -2.795e-05  1.048e-05 -2.096e-05 -7.337e-05  4.892e-05  6.988e-06  0.000e+00 -1.048e-05
 995.00 -6.464e-05  2.096e-05 -1.398e-05 -2.795e-05  5.241e-06  1.398e-05 -6.988e-06  2.096e-05
