-173.57  3.871e-04 -4.578e-05
-160.71  3.371e-04 -2.913e-05
-147.86  4.536e-04 -7.908e-05
-135.00  6.076e-04 -2.497e-05
-122.14  7.575e-04 -5.827e-05
-109.29  7.700e-04  8.740e-05
 -96.43  8.324e-04 -6.659e-05
 -83.57  1.065e-03 -1.665e-05
 -70.71  1.053e-03  3.746e-05
 -57.86  1.490e-03 -2.414e-04
 -45.00  2.006e-03  5.827e-05
 -32.14  2.576e-03 -2.622e-04
 -19.29  3.001e-03 -4.162e-06
  -6.43  3.026e-03  1.249e-05
   6.43  2.988e-03 -6.326e-04
  19.29  2.472e-03 -2.747e-04
  32.14  2.206e-03  2.414e-04
  45.00  1.956e-03 -1.998e-04
  57.86  1.290e-03 -2.664e-04
  70.71  1.165e-03 -2.997e-04
  83.57  1.232e-03  7.491e-05
  96.43  9.031e-04 -8.740e-05
 109.29  7.741e-04 -1.249e-04
 122.14  4.578e-04  1.332e-04
 135.00  3.746e-04 -2.497e-05
 147.86  5.494e-04  3.330e-05
 160.71  5.161e-04  6.659e-05
 173.57  4.287e-04 -1.124e-04
