   0.05  1.173e-01 -1.652e-03
   0.15  1.239e-01  2.346e-02
   0.25  1.454e-01  1.586e-02
   0.35  1.279e-01  1.091e-02
   0.45  1.170e-01  1.917e-02
   0.55  1.484e-01  1.884e-02
   0.65  1.606e-01  1.124e-02
   0.75  1.381e-01 -6.610e-03
   0.85  1.401e-01 -1.785e-02
   0.95  1.590e-01 -1.421e-02
   1.05  1.438e-01  1.024e-02
   1.15  1.210e-01 -1.322e-03
   1.25  1.322e-01 -1.322e-03
   1.35  1.203e-01  1.983e-03
   1.45  1.173e-01 -2.313e-03
   1.55  9.551e-02  2.313e-03
   1.65  1.091e-01 -1.983e-03
   1.75  9.749e-02 -9.914e-04
   1.85  9.518e-02 -1.322e-03
   1.95  8.130e-02  2.644e-03
   2.05  6.246e-02 -4.296e-03
   2.15  4.990e-02 -1.652e-03
   2.25  4.329e-02  6.940e-03
   2.35  2.743e-02  1.652e-03
   2.45  2.049e-02  1.983e-03
   2.55  2.049e-02 -1.983e-03
   2.65  1.851e-02  6.610e-04
   2.75  1.256e-02 -1.322e-03
   2.85  9.584e-03 -4.296e-03
   2.95  7.271e-03 -6.610e-04
   3.05  5.949e-03  1.322e-03
   3.15  7.271e-03  1.983e-03
   3.25  2.974e-03 -2.974e-03
   3.35  2.644e-03  1.983e-03
   3.45  2.644e-03 -6.610e-04
   3.55  1.322e-03  0.000e+00
   3.65  2.313e-03 -9.914e-04
   3.75  0.000e+00  0.000e+00
   3.85  9.914e-04 -9.914e-04
   3.95  1.652e-03  9.914e-04
   4.05  6.610e-04  6.610e-04
   4.15  0.000e+00  0.000e+00
   4.25  0.000e+00  0.000e+00
   4.35  3.305e-04  3.305e-04
   4.45  3.305e-04  3.305e-04
   4.55  0.000e+00  0.000e+00
   4.65  0.000e+00  0.000e+00
   4.75  0.000e+00  0.000e+00
   4.85  3.305e-04  3.305e-04
   4.95  3.305e-04  3.305e-04
