-173.57  1.424e-05  1.259e-05
-160.71  3.714e-05 -8.254e-07
-147.86  2.373e-05  4.746e-06
-135.00  4.994e-05  2.352e-05
-122.14  6.005e-05  1.032e-06
-109.29  6.500e-05  1.465e-05
 -96.43  7.222e-05  5.778e-06
 -83.57  5.551e-05 -6.810e-06
 -70.71  1.081e-04 -9.080e-06
 -57.86  1.112e-04  1.837e-05
 -45.00  1.624e-04 -1.052e-05
 -32.14  1.901e-04  3.199e-05
 -19.29  1.711e-04  1.135e-05
  -6.43  1.781e-04  2.683e-06
   6.43  1.929e-04 -8.048e-06
  19.29  1.995e-04  3.075e-05
  32.14  2.152e-04 -1.094e-05
  45.00  1.676e-04 -1.527e-05
  57.86  9.843e-05 -1.857e-06
  70.71  1.034e-04  2.683e-06
  83.57  8.626e-05  1.197e-05
  96.43  4.333e-05  1.403e-05
 109.29  6.376e-05  1.032e-06
 122.14  5.283e-05  1.651e-06
 135.00  4.829e-05  4.127e-07
 147.86  4.045e-05  6.603e-06
 160.71  4.127e-05  1.651e-06
 173.57  1.610e-05  9.492e-06
