   0.05  2.243e-01  7.453e-03
   0.15  2.396e-01  2.078e-02
   0.25  2.305e-01  1.644e-02
   0.35  1.903e-01  1.918e-02
   0.45  1.893e-01 -3.037e-03
   0.55  1.704e-01 -3.351e-03
   0.65  1.550e-01 -3.674e-03
   0.75  1.111e-01 -4.084e-03
   0.85  1.147e-01  3.442e-02
   0.95  8.851e-02 -3.912e-03
   1.05  7.241e-02  2.541e-02
   1.15  7.414e-02  5.393e-03
   1.25  5.930e-02  3.259e-03
   1.35  4.059e-02 -9.047e-03
   1.45  2.447e-02 -5.739e-03
   1.55  3.510e-02 -1.126e-02
   1.65  4.365e-02 -2.115e-03
   1.75  1.014e-02  2.027e-02
   1.85  2.015e-02 -1.750e-02
   1.95  1.950e-02 -1.743e-02
   2.05  0.000e+00  0.000e+00
   2.15  0.000e+00  0.000e+00
   2.25  0.000e+00  0.000e+00
   2.35  0.000e+00  0.000e+00
   2.45  0.000e+00  0.000e+00
   2.55  0.000e+00  0.000e+00
   2.65  0.000e+00  0.000e+00
   2.75  0.000e+00  0.000e+00
   2.85  0.000e+00  0.000e+00
   2.95  0.000e+00  0.000e+00
   3.05  0.000e+00  0.000e+00
   3.15  0.000e+00  0.000e+00
   3.25  0.000e+00  0.000e+00
   3.35  0.000e+00  0.000e+00
   3.45  0.000e+00  0.000e+00
   3.55  0.000e+00  0.000e+00
   3.65  0.000e+00  0.000e+00
   3.75  0.000e+00  0.000e+00
   3.85  0.000e+00  0.000e+00
   3.95  0.000e+00  0.000e+00
   4.05  0.000e+00  0.000e+00
   4.15  0.000e+00  0.000e+00
   4.25  0.000e+00  0.000e+00
   4.35  0.000e+00  0.000e+00
   4.45  0.000e+00  0.000e+00
   4.55  0.000e+00  0.000e+00
   4.65  0.000e+00  0.000e+00
   4.75  0.000e+00  0.000e+00
   4.85  0.000e+00  0.000e+00
   4.95  0.000e+00  0.000e+00
