   0.05  2.483e-01 -1.071e-02
   0.15  2.604e-01 -1.447e-02
   0.25  1.991e-01  1.760e-02
   0.35  1.851e-01  7.919e-03
   0.45  1.855e-01 -6.421e-03
   0.55  1.452e-01  1.906e-02
   0.65  1.517e-01  1.699e-02
   0.75  1.198e-01 -2.048e-02
   0.85  9.078e-02 -1.647e-02
   0.95  8.184e-02  1.152e-02
   1.05  7.711e-02 -1.244e-02
   1.15  5.401e-02 -1.788e-02
   1.25  4.436e-02 -9.054e-03
   1.35  3.805e-02  7.523e-03
   1.45  3.677e-02  8.180e-03
   1.55  3.595e-02 -1.022e-02
   1.65  4.112e-02 -1.498e-02
   1.75  1.019e-02  9.674e-03
   1.85  2.410e-02  3.952e-03
   1.95  3.408e-02  5.581e-04
   2.05  0.000e+00  0.000e+00
   2.15  0.000e+00  0.000e+00
   2.25  0.000e+00  0.000e+00
   2.35  0.000e+00  0.000e+00
   2.45  0.000e+00  0.000e+00
   2.55  0.000e+00  0.000e+00
   2.65  0.000e+00  0.000e+00
   2.75  0.000e+00  0.000e+00
   2.85  0.000e+00  0.000e+00
   2.95  0.000e+00  0.000e+00
   3.05  0.000e+00  0.000e+00
   3.15  0.000e+00  0.000e+00
   3.25  0.000e+00  0.000e+00
   3.35  0.000e+00  0.000e+00
   3.45  0.000e+00  0.000e+00
   3.55  0.000e+00  0.000e+00
   3.65  0.000e+00  0.000e+00
   3.75  0.000e+00  0.000e+00
   3.85  0.000e+00  0.000e+00
   3.95  0.000e+00  0.000e+00
   4.05  0.000e+00  0.000e+00
   4.15  0.000e+00  0.000e+00
   4.25  0.000e+00  0.000e+00
   4.35  0.000e+00  0.000e+00
   4.45  0.000e+00  0.000e+00
   4.55  0.000e+00  0.000e+00
   4.65  0.000e+00  0.000e+00
   4.75  0.000e+00  0.000e+00
   4.85  0.000e+00  0.000e+00
   4.95  0.000e+00  0.000e+00
