-173.57  5.117e-04  4.515e-05
-160.71  2.671e-04  1.392e-04
-147.86  4.101e-04 -9.406e-05
-135.00  4.891e-04 -1.053e-04
-122.14  4.515e-04  9.030e-05
-109.29  6.660e-04 -1.881e-05
 -96.43  9.030e-04 -5.267e-05
 -83.57  7.563e-04 -2.446e-04
 -70.71  1.084e-03 -2.032e-04
 -57.86  1.501e-03 -2.822e-04
 -45.00  1.893e-03  4.139e-05
 -32.14  2.397e-03 -7.149e-05
 -19.29  3.006e-03  2.634e-05
  -6.43  3.206e-03 -3.762e-04
   6.43  2.871e-03  1.129e-05
  19.29  2.340e-03  1.354e-04
  32.14  2.679e-03  0.000e+00
  45.00  1.844e-03  1.204e-04
  57.86  1.294e-03  1.580e-04
  70.71  1.464e-03 -3.762e-06
  83.57  7.638e-04 -6.396e-05
  96.43  6.998e-04 -2.558e-04
 109.29  8.315e-04  7.901e-05
 122.14  5.230e-04 -3.762e-06
 135.00  4.026e-04 -5.644e-05
 147.86  3.800e-04  4.139e-05
 160.71  4.214e-04 -3.010e-05
 173.57  3.499e-04  3.762e-06
