   0.05  1.028e-01  1.378e-02
   0.15  1.160e-01  3.426e-03
   0.25  9.216e-02 -2.296e-03
   0.35  6.762e-02 -1.960e-03
   0.45  3.930e-02  4.521e-03
   0.55  2.595e-02  6.713e-03
   0.65  1.822e-02  1.124e-02
   0.75  9.103e-03 -7.044e-03
   0.85 -4.055e-03  1.073e-02
   0.95 -4.672e-03 -4.776e-03
   1.05 -1.319e-02  9.409e-03
   1.15 -1.734e-02 -6.675e-03
   1.25 -1.401e-02 -7.262e-03
   1.35 -1.322e-02 -1.045e-03
   1.45 -1.592e-02  2.537e-04
   1.55 -1.608e-02 -2.447e-03
   1.65 -1.342e-02 -1.858e-03
   1.75 -1.031e-02 -3.207e-03
   1.85 -8.842e-03  3.788e-03
   1.95 -8.819e-03 -1.882e-03
   2.05  0.000e+00  0.000e+00
   2.15  0.000e+00  0.000e+00
   2.25  0.000e+00  0.000e+00
   2.35  0.000e+00  0.000e+00
   2.45  0.000e+00  0.000e+00
   2.55  0.000e+00  0.000e+00
   2.65  0.000e+00  0.000e+00
   2.75  0.000e+00  0.000e+00
   2.85  0.000e+00  0.000e+00
   2.95  0.000e+00  0.000e+00
   3.05  0.000e+00  0.000e+00
   3.15  0.000e+00  0.000e+00
   3.25  0.000e+00  0.000e+00
   3.35  0.000e+00  0.000e+00
   3.45  0.000e+00  0.000e+00
   3.55  0.000e+00  0.000e+00
   3.65  0.000e+00  0.000e+00
   3.75  0.000e+00  0.000e+00
   3.85  0.000e+00  0.000e+00
   3.95  0.000e+00  0.000e+00
   4.05  0.000e+00  0.000e+00
   4.15  0.000e+00  0.000e+00
   4.25  0.000e+00  0.000e+00
   4.35  0.000e+00  0.000e+00
   4.45  0.000e+00  0.000e+00
   4.55  0.000e+00  0.000e+00
   4.65  0.000e+00  0.000e+00
   4.75  0.000e+00  0.000e+00
   4.85  0.000e+00  0.000e+00
   4.95  0.000e+00  0.000e+00
