   0.05  5.442e-01  5.442e-01
   0.15  6.089e-01  6.089e-01
   0.25  5.045e-01  5.045e-01
   0.35  4.241e-01  4.241e-01
   0.45  3.865e-01  3.865e-01
   0.55  3.670e-01  3.670e-01
   0.65  3.066e-01  3.066e-01
   0.75  2.713e-01  2.713e-01
   0.85  1.800e-01  1.800e-01
   0.95  1.723e-01  1.723e-01
   1.05  1.702e-01  1.702e-01
   1.15  1.408e-01  1.408e-01
   1.25  8.971e-02  8.971e-02
   1.35  7.068e-02  7.068e-02
   1.45  7.666e-02  7.666e-02
   1.55  7.938e-02  7.938e-02
   1.65  5.817e-02  5.817e-02
   1.75  5.056e-02  5.056e-02
   1.85  4.241e-02  4.241e-02
   1.95  2.881e-02  2.881e-02
   2.05  1.196e-02  1.196e-02
   2.15  1.087e-02  1.087e-02
   2.25  1.087e-03  1.087e-03
   2.35  2.175e-03  2.175e-03
   2.45  0.000e+00  0.000e+00
   2.55 -1.087e-03 -1.087e-03
   2.65  1.087e-03  1.087e-03
   2.75  0.000e+00  0.000e+00
   2.85  0.000e+00  0.000e+00
   2.95  0.000e+00  0.000e+00
   3.05  0.000e+00  0.000e+00
   3.15  0.000e+00  0.000e+00
   3.25  0.000e+00  0.000e+00
   3.35  0.000e+00  0.000e+00
   3.45  0.000e+00  0.000e+00
   3.55  0.000e+00  0.000e+00
   3.65  0.000e+00  0.000e+00
   3.75  0.000e+00  0.000e+00
   3.85  0.000e+00  0.000e+00
   3.95  0.000e+00  0.000e+00
   4.05  0.000e+00  0.000e+00
   4.15  0.000e+00  0.000e+00
   4.25  0.000e+00  0.000e+00
   4.35  0.000e+00  0.000e+00
   4.45  0.000e+00  0.000e+00
   4.55  0.000e+00  0.000e+00
   4.65  0.000e+00  0.000e+00
   4.75  0.000e+00  0.000e+00
   4.85  0.000e+00  0.000e+00
   4.95  0.000e+00  0.000e+00
