   0.05  1.081e-01 -2.818e-02
   0.15  1.462e-01  1.376e-02
   0.25  8.258e-02  0.000e+00
   0.35  1.527e-01 -1.376e-02
   0.45  1.442e-01 -3.539e-02
   0.55  1.691e-01  1.835e-02
   0.65  2.032e-01  6.554e-03
   0.75  1.842e-01  5.899e-03
   0.85  1.842e-01  1.507e-02
   0.95  2.110e-01  1.442e-02
   1.05  1.986e-01 -1.507e-02
   1.15  2.104e-01 -5.899e-03
   1.25  1.606e-01 -1.507e-02
   1.35  2.032e-01  9.176e-03
   1.45  1.796e-01 -3.146e-02
   1.55  1.501e-01  3.343e-02
   1.65  1.494e-01  7.865e-03
   1.75  1.383e-01 -8.520e-03
   1.85  1.324e-01 -1.049e-02
   1.95  1.180e-01 -6.554e-03
   2.05  9.241e-02 -6.554e-04
   2.15  6.751e-02 -4.588e-03
   2.25  6.292e-02  6.554e-03
   2.35  4.326e-02  1.573e-02
   2.45  3.998e-02  1.966e-03
   2.55  2.622e-02  6.554e-03
   2.65  1.901e-02 -3.277e-03
   2.75  1.114e-02  3.277e-03
   2.85  1.311e-02  3.932e-03
   2.95  1.245e-02  7.210e-03
   3.05  1.114e-02  6.554e-04
   3.15  7.210e-03  1.966e-03
   3.25  3.932e-03  1.311e-03
   3.35  6.554e-03 -3.932e-03
   3.45  6.554e-04 -3.277e-03
   3.55  6.554e-04  6.554e-04
   3.65  4.588e-03  6.554e-04
   3.75  5.899e-03 -6.554e-04
   3.85  1.311e-03 -1.311e-03
   3.95  2.622e-03 -1.311e-03
   4.05  1.311e-03  0.000e+00
   4.15  1.311e-03  1.311e-03
   4.25  1.311e-03  0.000e+00
   4.35  1.311e-03 -1.311e-03
   4.45  0.000e+00  0.000e+00
   4.55  6.554e-04  6.554e-04
   4.65  0.000e+00  0.000e+00
   4.75  0.000e+00  0.000e+00
   4.85  1.311e-03  0.000e+00
   4.95  0.000e+00  0.000e+00
