   0.05  1.969e-01  3.007e-03
   0.15  1.915e-01  2.627e-03
   0.25  1.989e-01  1.585e-02
   0.35  1.692e-01 -9.918e-04
   0.45  1.505e-01  6.061e-03
   0.55  1.270e-01 -6.628e-03
   0.65  1.197e-01 -1.722e-03
   0.75  9.958e-02 -4.826e-03
   0.85  8.155e-02 -5.490e-04
   0.95  6.814e-02 -4.808e-03
   1.05  6.095e-02 -6.143e-03
   1.15  4.773e-02 -9.203e-03
   1.25  4.326e-02 -9.828e-03
   1.35  3.787e-02 -8.396e-03
   1.45  2.736e-02 -4.448e-03
   1.55  3.036e-02 -1.251e-02
   1.65  2.181e-02 -6.801e-04
   1.75  2.353e-02  7.939e-04
   1.85  2.229e-02 -2.807e-03
   1.95  2.309e-02 -2.129e-03
   2.05  0.000e+00  0.000e+00
   2.15  0.000e+00  0.000e+00
   2.25  0.000e+00  0.000e+00
   2.35  0.000e+00  0.000e+00
   2.45  0.000e+00  0.000e+00
   2.55  0.000e+00  0.000e+00
   2.65  0.000e+00  0.000e+00
   2.75  0.000e+00  0.000e+00
   2.85  0.000e+00  0.000e+00
   2.95  0.000e+00  0.000e+00
   3.05  0.000e+00  0.000e+00
   3.15  0.000e+00  0.000e+00
   3.25  0.000e+00  0.000e+00
   3.35  0.000e+00  0.000e+00
   3.45  0.000e+00  0.000e+00
   3.55  0.000e+00  0.000e+00
   3.65  0.000e+00  0.000e+00
   3.75  0.000e+00  0.000e+00
   3.85  0.000e+00  0.000e+00
   3.95  0.000e+00  0.000e+00
   4.05  0.000e+00  0.000e+00
   4.15  0.000e+00  0.000e+00
   4.25  0.000e+00  0.000e+00
   4.35  0.000e+00  0.000e+00
   4.45  0.000e+00  0.000e+00
   4.55  0.000e+00  0.000e+00
   4.65  0.000e+00  0.000e+00
   4.75  0.000e+00  0.000e+00
   4.85  0.000e+00  0.000e+00
   4.95  0.000e+00  0.000e+00
