   5.00  0.000e+00  8.290e-05 -1.990e-05  2.122e-04  0.000e+00  9.948e-06 -1.326e-05 -2.653e-05
  15.00  0.000e+00  4.974e-05  8.787e-05  1.890e-04  0.000e+00 -3.648e-05  1.161e-05 -5.637e-05
  25.00  6.632e-06  3.813e-05  2.653e-05  2.653e-04  3.316e-06 -2.819e-05 -1.061e-04 -2.653e-05
  35.00  1.658e-06  2.321e-05  1.094e-04  1.757e-04 -4.974e-06  3.316e-06 -8.290e-05  3.316e-06
  45.00 -3.316e-06  7.627e-05  1.061e-04  2.023e-04  0.000e+00 -6.632e-05 -2.653e-05 -2.321e-05
  55.00  1.161e-05  1.310e-04  6.300e-05  1.824e-04 -1.658e-06  2.819e-05 -8.953e-05 -9.616e-05
  65.00  1.161e-05  1.061e-04  1.492e-04  1.890e-04 -1.658e-06 -2.653e-05 -2.984e-05  3.316e-06
  75.00  2.155e-05  1.127e-04  4.974e-05  1.724e-04 -1.658e-06 -3.648e-05 -9.948e-06 -2.653e-05
  85.00  2.321e-05  2.487e-05  7.958e-05  1.293e-04  0.000e+00  5.140e-05 -9.948e-05 -5.637e-05
  95.00  1.492e-05  6.466e-05  1.990e-05  1.824e-04 -1.492e-05 -1.824e-05  3.316e-05  9.948e-06
 105.00  3.482e-05  1.824e-05  8.953e-05  1.956e-04 -1.492e-05  4.477e-05 -3.648e-05  4.311e-05
 115.00  5.471e-05  4.145e-05  3.979e-05  1.658e-04 -8.290e-06  1.492e-05 -6.632e-06 -1.393e-04
 125.00  1.990e-05  5.803e-05  7.295e-05  2.089e-04  1.326e-05 -8.787e-05  6.632e-05  4.974e-05
 135.00  5.471e-05  6.300e-05  4.974e-05  1.724e-04  1.658e-06 -5.306e-05  3.316e-06  1.990e-05
 145.00  5.637e-05  6.632e-05  7.295e-05  8.290e-05 -1.658e-05  1.658e-05 -1.326e-05 -9.616e-05
 155.00  2.653e-05  9.948e-06  1.326e-05  1.724e-04  6.632e-06 -9.948e-05 -2.653e-05 -6.632e-06
 165.00  4.642e-05  7.129e-05  8.290e-05  2.089e-04 -6.632e-06  4.477e-05  1.293e-04 -2.984e-05
 175.00  8.787e-05  9.285e-05  3.648e-05  1.061e-04 -3.482e-05 -1.658e-05 -4.974e-05 -1.326e-05
 185.00  9.616e-05 -3.316e-05  2.984e-05  6.964e-05 -4.642e-05 -3.979e-05 -2.321e-05 -3.316e-06
 195.00  1.111e-04 -3.316e-06  1.658e-05  2.122e-04 -8.290e-06  1.658e-05  1.658e-05 -3.316e-05
 205.00  7.295e-05 -2.819e-05  8.290e-05  1.426e-04  3.316e-05 -1.492e-05  6.300e-05  7.627e-05
 215.00  9.451e-05  1.326e-05  4.974e-05  9.948e-05 -2.155e-05 -2.984e-05 -2.321e-05  6.632e-06
 225.00  1.343e-04  5.140e-05  2.653e-05  2.984e-05 -8.290e-06 -1.824e-05  3.979e-05  6.300e-05
 235.00  1.078e-04  9.948e-06  3.648e-05  6.632e-05 -5.471e-05 -2.984e-05 -5.637e-05 -5.306e-05
 245.00  8.953e-05 -2.487e-05 -5.637e-05  6.632e-06 -3.316e-06  8.290e-06 -2.321e-05 -1.990e-05
 255.00  1.144e-04  4.808e-05  6.964e-05  1.194e-04 -3.482e-05 -4.974e-06 -3.316e-06  3.316e-05
 265.00  5.803e-05  3.482e-05 -8.622e-05  2.653e-05  8.290e-06  3.150e-05 -3.979e-05 -7.958e-05
 275.00  1.028e-04 -5.637e-05 -4.974e-05  9.616e-05 -1.990e-05  5.306e-05 -3.648e-05  6.964e-05
 285.00  6.466e-05 -3.979e-05 -1.326e-05  5.969e-05 -8.290e-06  4.642e-05  0.000e+00  6.632e-06
 295.00  8.622e-05  3.316e-06  7.627e-05  7.129e-05 -3.648e-05 -9.948e-06 -1.658e-05 -3.482e-05
 305.00  8.456e-05 -5.140e-05  9.948e-06 -9.616e-05 -2.155e-05  5.140e-05  1.658e-05  3.316e-06
 315.00  7.958e-05  6.632e-06  0.000e+00  4.974e-05  2.984e-05  0.000e+00  6.632e-06  1.658e-05
 325.00  9.616e-05 -3.316e-05 -6.632e-06  5.306e-05 -1.326e-05 -2.984e-05 -2.653e-05 -5.306e-05
 335.00  1.078e-04 -8.124e-05 -2.984e-05  9.285e-05  3.482e-05 -2.155e-05 -2.984e-05  1.990e-05
 345.00  8.787e-05 -2.819e-05  2.321e-05  3.316e-06 -4.808e-05 -4.974e-06  6.300e-05  6.964e-05
 355.00  9.451e-05 -1.161e-05 -1.658e-05  5.969e-05  3.813e-05 -1.824e-05 -9.948e-06 -4.642e-05
 365.00  5.471e-05 -3.979e-05  6.632e-06 -3.316e-05  1.492e-05 -2.653e-05  1.326e-05 -2.653e-05
 375.00  6.135e-05 -1.824e-05  1.658e-05  0.000e+00  3.813e-05 -2.155e-05  9.948e-06  5.969e-05
 385.00  1.194e-04  3.316e-06 -9.948e-06 -5.637e-05 -1.658e-05  0.000e+00 -3.648e-05 -5.637e-05
 395.00  7.295e-05 -3.482e-05 -1.990e-05 -2.321e-05  4.974e-05 -1.492e-05  1.990e-05 -9.948e-06
 405.00  8.622e-05  1.658e-06 -1.658e-05 -6.632e-06 -9.948e-06 -1.658e-06  3.316e-06  1.326e-05
 415.00  4.311e-05 -1.492e-05  1.658e-05  3.316e-05  9.948e-06  4.974e-06 -4.974e-05  0.000e+00
 425.00  3.316e-05  1.326e-05  2.984e-05 -4.974e-05  9.948e-06 -3.316e-06  3.648e-05 -2.984e-05
 435.00  6.300e-05  3.316e-06 -8.622e-05  5.306e-05  3.979e-05 -2.653e-05 -6.632e-05  1.990e-05
 445.00  5.306e-05 -2.487e-05  9.948e-06 -4.642e-05 -1.990e-05 -1.161e-05  2.321e-05 -2.653e-05
 455.00  5.306e-05 -3.482e-05 -2.653e-05 -6.300e-05 -4.642e-05 -8.290e-06 -1.990e-05  3.316e-06
 465.00 -6.632e-06 -2.819e-05 -6.964e-05  1.990e-05 -2.984e-05  3.813e-05  2.321e-05  1.326e-05
 475.00  2.155e-05  9.948e-06 -3.316e-06 -2.321e-05 -3.482e-05 -6.632e-06 -1.658e-05 -6.964e-05
 485.00  2.487e-05 -3.648e-05 -3.316e-05 -2.984e-05  5.471e-05 -3.648e-05  6.632e-06 -3.648e-05
 495.00  3.648e-05 -3.150e-05 -4.311e-05 -3.648e-05 -1.658e-05 -1.658e-06 -3.316e-06 -9.948e-06
 505.00  3.150e-05  2.321e-05 -3.979e-05 -6.632e-06 -1.492e-05 -1.990e-05 -3.316e-05  1.326e-05
 515.00  5.471e-05 -6.632e-06  1.658e-05 -1.658e-05  8.290e-06  6.632e-06  3.316e-06 -5.637e-05
 525.00  4.642e-05  0.000e+00  0.000e+00 -3.316e-05  2.984e-05  1.658e-05 -5.969e-05  3.316e-05
 535.00  3.482e-05 -2.984e-05  2.984e-05 -2.487e-05 -8.290e-06  0.000e+00 -6.300e-05  4.974e-06
 545.00  1.658e-05 -8.290e-06 -6.964e-05 -3.316e-05 -4.311e-05  2.155e-05  1.658e-05 -1.990e-05
 555.00  5.306e-05  1.658e-06 -6.964e-05 -7.627e-05 -2.321e-05  4.974e-06 -2.321e-05  3.316e-06
 565.00  5.637e-05 -4.642e-05 -2.321e-05 -7.295e-05 -3.316e-06  1.658e-05 -5.637e-05 -6.632e-06
 575.00 -4.974e-06  0.000e+00  1.658e-05 -1.326e-05 -6.798e-05 -1.990e-05 -3.648e-05 -1.326e-05
 585.00  3.150e-05 -6.632e-06  3.979e-05 -1.260e-04 -2.487e-05 -1.326e-05  2.653e-05 -6.632e-06
 595.00  6.632e-06 -1.824e-05  1.990e-05  6.632e-06 -9.948e-06  3.482e-05  0.000e+00  2.653e-05
 605.00 -1.824e-05 -3.150e-05 -1.990e-05 -4.974e-05  4.974e-06  1.658e-06  1.326e-05 -9.948e-06
 615.00  1.326e-05 -3.813e-05 -6.632e-05 -6.300e-05  6.632e-06 -4.974e-06 -1.326e-05  2.321e-05
 625.00 -9.948e-06 -3.813e-05 -3.316e-06 -2.321e-05 -4.974e-05 -8.290e-06  3.648e-05 -5.637e-05
 635.00  1.658e-05 -3.316e-05  6.632e-06 -5.306e-05  1.990e-05 -9.948e-06  6.632e-06  1.326e-05
 645.00  1.990e-05  0.000e+00  1.658e-05 -9.616e-05  9.948e-06 -6.632e-06  3.316e-06  9.948e-06
 655.00 -5.969e-05  8.290e-06 -3.316e-06 -1.990e-05 -1.990e-05  1.658e-06 -1.658e-05 -1.326e-05
 665.00 -1.326e-05  9.948e-06  3.316e-06 -2.984e-05 -1.990e-05 -6.632e-06 -3.316e-06 -2.321e-05
 675.00 -2.653e-05 -1.658e-05 -9.948e-06 -2.984e-05  3.979e-05  6.632e-06  1.658e-05 -1.658e-05
 685.00 -2.321e-05  1.161e-05  0.000e+00 -4.974e-05  3.316e-06  1.824e-05 -1.326e-05  9.948e-06
 695.00  6.632e-06 -1.161e-05 -1.658e-05 -6.300e-05  1.990e-05 -5.803e-05 -3.648e-05 -2.321e-05
 705.00  8.290e-06 -1.161e-05 -3.979e-05 -8.456e-05  1.492e-05 -1.492e-05  3.316e-05  1.658e-06
 715.00  3.316e-06  0.000e+00 -4.642e-05 -5.637e-05 -1.990e-05 -3.316e-06 -3.316e-05  2.984e-05
 725.00 -1.161e-05  4.974e-06 -2.653e-05 -5.969e-05 -2.487e-05 -1.824e-05 -6.632e-06 -3.979e-05
 735.00 -6.632e-06 -9.948e-06  1.990e-05 -4.642e-05  1.326e-05  6.632e-06 -1.326e-05 -1.990e-05
 745.00 -1.492e-05 -4.311e-05 -6.632e-06 -7.627e-05  3.813e-05 -2.321e-05 -1.326e-05 -1.658e-05
 755.00 -4.808e-05 -2.653e-05 -9.948e-06 -5.969e-05 -3.813e-05 -9.948e-06  3.316e-06  1.326e-05
 765.00  1.326e-05 -3.316e-06 -1.990e-05 -1.990e-05 -2.321e-05  1.990e-05  1.990e-05  6.632e-06
 775.00 -4.477e-05 -1.990e-05 -3.316e-05 -6.964e-05 -7.129e-05  0.000e+00 -6.632e-06 -3.316e-06
 785.00 -1.492e-05 -3.316e-06  3.316e-06 -4.311e-05 -2.155e-05 -2.321e-05 -1.658e-05  1.658e-05
 795.00 -4.974e-06  4.974e-06 -9.948e-06  3.316e-06 -1.658e-06  1.824e-05  9.948e-06  1.658e-05
 805.00 -1.492e-05  1.658e-06 -9.948e-06 -8.290e-05 -2.487e-05 -1.658e-06 -3.316e-06 -1.658e-05
 815.00 -4.974e-06 -3.316e-05 -9.948e-06 -1.161e-05  2.155e-05  0.000e+00 -3.316e-06  1.658e-06
 825.00 -4.974e-05 -4.974e-06 -1.990e-05 -8.622e-05 -6.632e-06  1.658e-06  1.326e-05 -6.632e-06
 835.00 -6.300e-05 -1.492e-05 -1.990e-05 -4.974e-05  6.632e-06 -1.492e-05  6.632e-06 -1.658e-05
 845.00 -4.808e-05  0.000e+00 -3.316e-06 -6.632e-05 -1.161e-05 -3.316e-06 -3.316e-06  0.000e+00
 855.00 -5.471e-05 -1.824e-05 -9.948e-06 -6.300e-05  2.819e-05 -1.492e-05 -3.316e-06 -2.984e-05
 865.00 -5.471e-05  2.321e-05 -1.326e-05 -3.979e-05 -2.155e-05 -2.984e-05  6.632e-06  1.326e-05
 875.00 -4.808e-05  0.000e+00 -1.326e-05 -3.979e-05  1.161e-05  3.316e-06  1.326e-05  3.316e-05
 885.00 -2.155e-05 -2.321e-05 -1.658e-05 -4.974e-05 -1.824e-05  3.316e-06  3.316e-06 -3.316e-06
 895.00 -3.813e-05  9.948e-06 -1.326e-05 -4.642e-05  2.487e-05  3.316e-06  0.000e+00 -1.990e-05
 905.00 -1.990e-05 -1.658e-05 -6.632e-06 -1.492e-05 -3.316e-06  0.000e+00  1.326e-05 -1.658e-06
 915.00 -5.471e-05  1.658e-06 -3.316e-06 -4.974e-05  1.492e-05 -1.492e-05 -9.948e-06  1.658e-05
 925.00 -4.477e-05  9.948e-06  0.000e+00 -4.311e-05 -3.813e-05  0.000e+00  6.632e-06 -4.311e-05
 935.00 -6.632e-05 -1.161e-05  0.000e+00 -4.642e-05  0.000e+00 -4.974e-06  6.632e-06 -1.990e-05
 945.00 -4.145e-05 -2.819e-05 -1.658e-05 -3.316e-05 -3.150e-05 -2.155e-05  3.316e-06  1.326e-05
 955.00 -4.477e-05 -1.990e-05 -9.948e-06 -1.326e-05 -4.974e-06  9.948e-06  9.948e-06 -6.632e-06
 965.00 -5.803e-05 -9.948e-06 -3.316e-06 -9.948e-06 -4.974e-06  1.658e-05 -2.321e-05 -3.316e-06
 975.00 -6.300e-05 -4.974e-06 -1.326e-05 -3.648e-05  6.632e-06  1.658e-06 -1.326e-05  3.316e-06
 985.00 -2.984e-05 -6.632e-06 -1.658e-05 -5.306e-05 -1.326e-05  9.948e-06  3.316e-06 -6.632e-06
 995.00 -5.306e-05  9.948e-06  0.000e+00 -2.321e-05 -2.653e-05 -1.990e-05  6.632e-06  2.321e-05
