   0.05  9.624e-02  1.085e-02
   0.15  9.362e-02  7.636e-03
   0.25  8.767e-02 -1.214e-02
   0.35  8.125e-02 -4.743e-03
   0.45  6.126e-02 -3.321e-03
   0.55  4.079e-02  6.617e-03
   0.65  2.611e-02  5.501e-04
   0.75  2.256e-02 -2.821e-03
   0.85  4.290e-03  8.374e-03
   0.95  4.625e-04 -2.521e-03
   1.05 -6.931e-03  1.368e-03
   1.15 -1.703e-02 -7.810e-03
   1.25 -1.005e-02  2.734e-03
   1.35 -1.286e-02  9.914e-04
   1.45 -1.419e-02 -1.368e-03
   1.55 -1.451e-02  3.973e-03
   1.65 -1.359e-02 -2.102e-03
   1.75 -1.322e-02  6.437e-04
   1.85 -1.114e-02  6.585e-04
   1.95 -1.386e-02 -7.527e-04
   2.05 -7.057e-03 -2.627e-03
   2.15 -4.832e-03 -3.762e-04
   2.25 -3.893e-03  1.661e-03
   2.35 -3.597e-03  1.602e-03
   2.45 -2.381e-03  2.852e-03
   2.55  1.362e-03  2.411e-03
   2.65 -3.673e-04 -2.184e-04
   2.75  5.192e-04  8.203e-04
   2.85 -9.425e-04 -1.100e-03
   2.95  2.181e-03 -1.677e-03
   3.05 -9.596e-05 -9.032e-04
   3.15  7.890e-04  5.560e-04
   3.25  4.737e-04 -1.491e-04
   3.35 -5.999e-04 -1.582e-04
   3.45  3.211e-04 -6.918e-04
   3.55  6.955e-05  2.677e-04
   3.65 -3.994e-04  1.653e-04
   3.75 -8.319e-05  2.135e-04
   3.85 -2.540e-04 -2.051e-04
   3.95 -1.713e-04 -2.004e-04
   4.05 -6.351e-05  2.387e-04
   4.15 -3.839e-05 -3.839e-05
   4.25 -9.020e-05 -9.020e-05
   4.35 -3.247e-05  3.247e-05
   4.45 -3.200e-04 -3.200e-04
   4.55  0.000e+00  0.000e+00
   4.65 -1.577e-04 -1.577e-04
   4.75  0.000e+00  0.000e+00
   4.85  0.000e+00  0.000e+00
   4.95 -2.479e-04 -2.479e-04
