   0.05  5.678e-01  5.678e-01
   0.15  4.727e-01  4.727e-01
   0.25  4.654e-01  4.654e-01
   0.35  3.650e-01  3.650e-01
   0.45  3.451e-01  3.451e-01
   0.55  2.934e-01  2.934e-01
   0.65  2.476e-01  2.476e-01
   0.75  2.164e-01  2.164e-01
   0.85  1.789e-01  1.789e-01
   0.95  1.881e-01  1.881e-01
   1.05  1.165e-01  1.165e-01
   1.15  1.082e-01  1.082e-01
   1.25  8.090e-02  8.090e-02
   1.35  9.406e-02  9.406e-02
   1.45  7.603e-02  7.603e-02
   1.55  6.287e-02  6.287e-02
   1.65  6.238e-02  6.238e-02
   1.75  4.533e-02  4.533e-02
   1.85  2.534e-02  2.534e-02
   1.95  2.193e-02  2.193e-02
   2.05  1.316e-02  1.316e-02
   2.15  1.365e-02  1.365e-02
   2.25 -1.949e-03 -1.949e-03
   2.35  9.747e-04  9.747e-04
   2.45  9.747e-04  9.747e-04
   2.55  9.747e-04  9.747e-04
   2.65  0.000e+00  0.000e+00
   2.75  9.747e-04  9.747e-04
   2.85  9.747e-04  9.747e-04
   2.95  0.000e+00  0.000e+00
   3.05  0.000e+00  0.000e+00
   3.15  0.000e+00  0.000e+00
   3.25  0.000e+00  0.000e+00
   3.35  0.000e+00  0.000e+00
   3.45  0.000e+00  0.000e+00
   3.55  0.000e+00  0.000e+00
   3.65  0.000e+00  0.000e+00
   3.75  0.000e+00  0.000e+00
   3.85  0.000e+00  0.000e+00
   3.95  0.000e+00  0.000e+00
   4.05  0.000e+00  0.000e+00
   4.15  0.000e+00  0.000e+00
   4.25  0.000e+00  0.000e+00
   4.35  0.000e+00  0.000e+00
   4.45  0.000e+00  0.000e+00
   4.55  0.000e+00  0.000e+00
   4.65  0.000e+00  0.000e+00
   4.75  0.000e+00  0.000e+00
   4.85  0.000e+00  0.000e+00
   4.95  0.000e+00  0.000e+00
