   0.05  2.024e-02 -2.928e-03
   0.15  1.565e-02  6.767e-03
   0.25  6.998e-03  2.558e-03
   0.35  1.450e-02 -2.068e-03
   0.45  1.345e-02  2.161e-03
   0.55  1.758e-02  3.163e-03
   0.65  1.356e-02 -1.339e-04
   0.75  8.274e-03  1.529e-03
   0.85  8.278e-03 -2.112e-03
   0.95  1.097e-02  1.089e-05
   1.05  6.653e-03 -4.230e-04
   1.15  4.339e-03  2.110e-03
   1.25  7.430e-03 -2.157e-03
   1.35  6.828e-03 -2.171e-04
   1.45  5.209e-03  1.901e-04
   1.55  3.995e-03  1.411e-04
   1.65  5.085e-03 -4.828e-04
   1.75  3.794e-03  2.333e-03
   1.85  4.660e-03  2.160e-03
   1.95  1.596e-03 -1.320e-03
   2.05  0.000e+00  0.000e+00
   2.15  0.000e+00  0.000e+00
   2.25  0.000e+00  0.000e+00
   2.35  0.000e+00  0.000e+00
   2.45  0.000e+00  0.000e+00
   2.55  0.000e+00  0.000e+00
   2.65  0.000e+00  0.000e+00
   2.75  0.000e+00  0.000e+00
   2.85  0.000e+00  0.000e+00
   2.95  0.000e+00  0.000e+00
   3.05  0.000e+00  0.000e+00
   3.15  0.000e+00  0.000e+00
   3.25  0.000e+00  0.000e+00
   3.35  0.000e+00  0.000e+00
   3.45  0.000e+00  0.000e+00
   3.55  0.000e+00  0.000e+00
   3.65  0.000e+00  0.000e+00
   3.75  0.000e+00  0.000e+00
   3.85  0.000e+00  0.000e+00
   3.95  0.000e+00  0.000e+00
   4.05  0.000e+00  0.000e+00
   4.15  0.000e+00  0.000e+00
   4.25  0.000e+00  0.000e+00
   4.35  0.000e+00  0.000e+00
   4.45  0.000e+00  0.000e+00
   4.55  0.000e+00  0.000e+00
   4.65  0.000e+00  0.000e+00
   4.75  0.000e+00  0.000e+00
   4.85  0.000e+00  0.000e+00
   4.95  0.000e+00  0.000e+00
