   0.05  3.172e-02  3.172e-02
   0.15  2.831e-02  2.831e-02
   0.25  2.136e-02  2.136e-02
   0.35  1.747e-02  1.747e-02
   0.45  1.793e-02  1.793e-02
   0.55  6.659e-03  6.659e-03
   0.65  6.526e-03  6.526e-03
   0.75  3.942e-03  3.942e-03
   0.85  2.877e-03  2.877e-03
   0.95  2.211e-03  2.211e-03
   1.05  7.990e-04  7.990e-04
   1.15  5.061e-04  5.061e-04
   1.25 -1.598e-04 -1.598e-04
   1.35 -5.860e-04 -5.860e-04
   1.45 -2.131e-03 -2.131e-03
   1.55 -2.424e-03 -2.424e-03
   1.65 -1.678e-03 -1.678e-03
   1.75 -1.545e-03 -1.545e-03
   1.85  4.262e-04  4.262e-04
   1.95 -5.327e-04 -5.327e-04
   2.05 -1.758e-03 -1.758e-03
   2.15 -9.589e-04 -9.589e-04
   2.25 -4.794e-04 -4.794e-04
   2.35  1.598e-04  1.598e-04
   2.45 -1.598e-04 -1.598e-04
   2.55  5.327e-05  5.327e-05
   2.65 -1.065e-04 -1.065e-04
   2.75  0.000e+00  0.000e+00
   2.85  0.000e+00  0.000e+00
   2.95  0.000e+00  0.000e+00
   3.05  0.000e+00  0.000e+00
   3.15  0.000e+00  0.000e+00
   3.25  0.000e+00  0.000e+00
   3.35  0.000e+00  0.000e+00
   3.45  0.000e+00  0.000e+00
   3.55  0.000e+00  0.000e+00
   3.65  0.000e+00  0.000e+00
   3.75  0.000e+00  0.000e+00
   3.85  0.000e+00  0.000e+00
   3.95  0.000e+00  0.000e+00
   4.05  0.000e+00  0.000e+00
   4.15  0.000e+00  0.000e+00
   4.25  0.000e+00  0.000e+00
   4.35  0.000e+00  0.000e+00
   4.45  0.000e+00  0.000e+00
   4.55  0.000e+00  0.000e+00
   4.65  0.000e+00  0.000e+00
   4.75  0.000e+00  0.000e+00
   4.85  0.000e+00  0.000e+00
   4.95  0.000e+00  0.000e+00
