   0.05  2.351e-01 -7.256e-03
   0.15  2.497e-01 -5.346e-03
   0.25  2.392e-01 -4.690e-02
   0.35  2.285e-01  2.710e-02
   0.45  1.931e-01 -3.171e-02
   0.55  1.788e-01  1.274e-02
   0.65  1.477e-01 -4.414e-02
   0.75  1.663e-01 -1.259e-02
   0.85  1.238e-01 -2.518e-02
   0.95  9.448e-02  4.153e-03
   1.05  5.202e-02 -3.272e-02
   1.15  4.151e-02  1.069e-02
   1.25  5.189e-02 -6.426e-03
   1.35  6.126e-02  1.687e-02
   1.45  5.465e-02  8.511e-03
   1.55  6.477e-02  8.101e-03
   1.65  4.290e-02 -7.724e-03
   1.75  3.357e-02  7.931e-03
   1.85  3.692e-02  8.946e-03
   1.95  2.093e-02 -4.303e-03
   2.05  0.000e+00  0.000e+00
   2.15  0.000e+00  0.000e+00
   2.25  0.000e+00  0.000e+00
   2.35  0.000e+00  0.000e+00
   2.45  0.000e+00  0.000e+00
   2.55  0.000e+00  0.000e+00
   2.65  0.000e+00  0.000e+00
   2.75  0.000e+00  0.000e+00
   2.85  0.000e+00  0.000e+00
   2.95  0.000e+00  0.000e+00
   3.05  0.000e+00  0.000e+00
   3.15  0.000e+00  0.000e+00
   3.25  0.000e+00  0.000e+00
   3.35  0.000e+00  0.000e+00
   3.45  0.000e+00  0.000e+00
   3.55  0.000e+00  0.000e+00
   3.65  0.000e+00  0.000e+00
   3.75  0.000e+00  0.000e+00
   3.85  0.000e+00  0.000e+00
   3.95  0.000e+00  0.000e+00
   4.05  0.000e+00  0.000e+00
   4.15  0.000e+00  0.000e+00
   4.25  0.000e+00  0.000e+00
   4.35  0.000e+00  0.000e+00
   4.45  0.000e+00  0.000e+00
   4.55  0.000e+00  0.000e+00
   4.65  0.000e+00  0.000e+00
   4.75  0.000e+00  0.000e+00
   4.85  0.000e+00  0.000e+00
   4.95  0.000e+00  0.000e+00
