   0.05  3.786e-02  3.786e-02
   0.15  3.925e-02  3.925e-02
   0.25  3.708e-02  3.708e-02
   0.35  2.602e-02  2.602e-02
   0.45  1.692e-02  1.692e-02
   0.55  1.387e-02  1.387e-02
   0.65  8.701e-03  8.701e-03
   0.75  2.677e-03  2.677e-03
   0.85 -2.838e-03 -2.838e-03
   0.95 -1.740e-03 -1.740e-03
   1.05  2.677e-05  2.677e-05
   1.15  1.473e-03  1.473e-03
   1.25 -3.936e-03 -3.936e-03
   1.35 -1.446e-03 -1.446e-03
   1.45 -2.303e-03 -2.303e-03
   1.55  1.874e-04  1.874e-04
   1.65  8.032e-05  8.032e-05
   1.75 -1.580e-03 -1.580e-03
   1.85 -6.426e-04 -6.426e-04
   1.95 -1.928e-03 -1.928e-03
   2.05 -1.232e-03 -1.232e-03
   2.15 -3.748e-04 -3.748e-04
   2.25 -2.142e-04 -2.142e-04
   2.35 -2.142e-04 -2.142e-04
   2.45 -3.748e-04 -3.748e-04
   2.55 -2.677e-04 -2.677e-04
   2.65  1.071e-04  1.071e-04
   2.75  0.000e+00  0.000e+00
   2.85  0.000e+00  0.000e+00
   2.95  0.000e+00  0.000e+00
   3.05  0.000e+00  0.000e+00
   3.15  0.000e+00  0.000e+00
   3.25  0.000e+00  0.000e+00
   3.35  0.000e+00  0.000e+00
   3.45  0.000e+00  0.000e+00
   3.55  0.000e+00  0.000e+00
   3.65  0.000e+00  0.000e+00
   3.75  0.000e+00  0.000e+00
   3.85  0.000e+00  0.000e+00
   3.95  0.000e+00  0.000e+00
   4.05  0.000e+00  0.000e+00
   4.15  0.000e+00  0.000e+00
   4.25  0.000e+00  0.000e+00
   4.35  0.000e+00  0.000e+00
   4.45  0.000e+00  0.000e+00
   4.55  0.000e+00  0.000e+00
   4.65  0.000e+00  0.000e+00
   4.75  0.000e+00  0.000e+00
   4.85  0.000e+00  0.000e+00
   4.95  0.000e+00  0.000e+00
