-1.7952   0   0
-1.5708   0.0482671   0.00416395
-1.3464   0.059486   0.00416343
-1.122   0.104772   0.00416386
-0.897598   0.142503   0.00416562
-0.673198   0.194877   0.0041685
-0.448799   0.262981   0.00417144
-0.224399   0.354003   0.00417409
-8.32667e-17   0.294183   0.00590687
0.224399   0.354003   0.00417409
0.448799   0.262981   0.00417144
0.673198   0.194877   0.0041685
0.897598   0.142503   0.00416562
1.122   0.104772   0.00416386
1.3464   0.059486   0.00416343
1.5708   0.0482671   0.00416395
1.7952   0.023313   0.00416498
2.0196   0.016066   0.00416627
2.24399   0.0205869   0.00416739
2.46839   0.0231202   0.00416833
2.69279   0.00490705   0.00416889
2.91719   0.0109852   0.00416917
3.14159   0.00710601   0.00589664
3.36599   0.0109852   0.00416917
3.59039   0.00490705   0.00416889
3.81479   0.0231202   0.00416833
4.03919   0.0205869   0.00416739
4.26359   0.016066   0.00416627
