-1.7952   0   0
-1.5708   0.0280679   0.0029556
-1.3464   0.0342627   0.00295558
-1.122   0.0438922   0.002956
-0.897598   0.0609869   0.00295756
-0.673198   0.070444   0.00295979
-0.448799   0.0913021   0.00296244
-0.224399   0.128739   0.00296414
-8.32667e-17   0.134996   0.00419359
0.224399   0.128739   0.00296414
0.448799   0.0913021   0.00296244
0.673198   0.070444   0.00295979
0.897598   0.0609869   0.00295756
1.122   0.0438922   0.002956
1.3464   0.0342627   0.00295558
1.5708   0.0280679   0.0029556
1.7952   0.0114044   0.0029567
2.0196   0.0103197   0.00295783
2.24399   0.0217467   0.00295891
2.46839   0.00681997   0.00295992
2.69279   0.00393019   0.00296058
2.91719   0.0034544   0.00296092
3.14159   0.0100189   0.00418759
3.36599   0.0034544   0.00296092
3.59039   0.00393019   0.00296058
3.81479   0.00681997   0.00295992
4.03919   0.0217467   0.00295891
4.26359   0.0103197   0.00295783
