-1.7952   0   0
-1.5708   0.0175549   0.00126581
-1.3464   0.0204882   0.0012659
-1.122   0.0289762   0.00126585
-0.897598   0.0441774   0.00126717
-0.673198   0.0547074   0.00126818
-0.448799   0.0669559   0.00127042
-0.224399   0.0791078   0.00127172
-8.32667e-17   0.044858   0.00180065
0.224399   0.0791078   0.00127172
0.448799   0.0669559   0.00127042
0.673198   0.0547074   0.00126818
0.897598   0.0441774   0.00126717
1.122   0.0289762   0.00126585
1.3464   0.0204882   0.0012659
1.5708   0.0175549   0.00126581
1.7952   0.00752146   0.00126647
2.0196   0.0101594   0.00126739
2.24399   0.00232723   0.00126798
2.46839   0.00281021   0.00126904
2.69279   0.00551228   0.00126979
2.91719   0.00440713   0.00127009
3.14159   3.85203e-05   0.00179634
3.36599   0.00440713   0.00127009
3.59039   0.00551228   0.00126979
3.81479   0.00281021   0.00126904
4.03919   0.00232723   0.00126798
4.26359   0.0101594   0.00126739
