   5.00  0.000e+00  5.547e-04  8.505e-04  3.294e-04  0.000e+00  3.025e-05 -3.025e-05  4.706e-05
  15.00  0.000e+00  5.950e-04  7.463e-04  3.765e-04  0.000e+00 -4.370e-05 -6.051e-05  1.345e-05
  25.00  0.000e+00  6.085e-04  8.908e-04  3.900e-04  0.000e+00  5.715e-05  3.698e-05 -2.689e-05
  35.00 -1.345e-05  6.488e-04  7.665e-04  4.236e-04  6.723e-06 -5.715e-05 -1.210e-04  8.740e-05
  45.00  1.345e-05  5.110e-04  8.471e-04  2.958e-04 -1.345e-05 -1.345e-04  1.210e-04 -1.614e-04
  55.00  6.723e-06  6.488e-04  6.791e-04  4.975e-04  1.345e-05  1.008e-05  1.143e-04 -8.068e-05
  65.00  3.362e-06  6.286e-04  6.723e-04  3.429e-04  2.353e-05  1.681e-05 -1.076e-04 -2.488e-04
  75.00  1.008e-05  6.017e-04  7.665e-04  3.832e-04 -1.008e-05  3.698e-05  0.000e+00  1.143e-04
  85.00  4.034e-05  4.942e-04  8.068e-04  3.698e-04 -1.345e-05 -2.353e-05 -1.748e-04  1.277e-04
  95.00  5.379e-05  5.715e-04  7.866e-04  4.572e-04  6.723e-06 -5.379e-05 -3.362e-05 -2.017e-04
 105.00  2.689e-05  6.454e-04  5.446e-04  3.429e-04  0.000e+00  6.723e-06 -4.706e-05  8.740e-05
 115.00  2.689e-05  5.580e-04  8.068e-04  2.622e-04  3.362e-05  0.000e+00 -8.068e-05 -4.706e-05
 125.00  7.059e-05  4.135e-04  6.185e-04  3.294e-04 -3.362e-06  3.698e-05  6.723e-05 -7.396e-05
 135.00  8.068e-05  5.849e-04  6.185e-04  4.034e-04  3.362e-05 -1.345e-05 -1.076e-04  1.345e-05
 145.00  7.396e-05  4.807e-04  5.984e-04  2.017e-04 -2.017e-05  3.362e-06 -3.362e-05 -4.034e-05
 155.00  5.715e-05  5.412e-04  5.580e-04  4.505e-04 -5.042e-05  8.404e-05 -2.219e-04 -1.008e-04
 165.00  1.210e-04  5.009e-04  4.975e-04  3.967e-04 -6.723e-06 -7.732e-05 -1.345e-05 -6.723e-06
 175.00  6.051e-05  5.211e-04  5.782e-04  4.236e-04  6.723e-06 -7.059e-05  1.479e-04  6.723e-06
 185.00  1.277e-04  6.253e-04  6.454e-04  3.294e-04  0.000e+00  0.000e+00  0.000e+00 -1.008e-04
 195.00  1.580e-04  5.009e-04  6.791e-04  3.563e-04 -2.353e-05  3.362e-06 -8.740e-05 -8.740e-05
 205.00  1.277e-04  5.009e-04  6.051e-04  2.958e-04 -1.345e-05 -1.008e-05 -1.479e-04  1.345e-05
 215.00  2.017e-05  3.967e-04  5.984e-04  2.958e-04  4.034e-05  0.000e+00 -1.143e-04  2.689e-05
 225.00  8.404e-05  5.143e-04  6.858e-04  4.706e-04  4.370e-05 -1.109e-04 -4.034e-05 -8.068e-05
 235.00  1.210e-04  4.135e-04  5.311e-04  5.110e-04 -3.362e-05  3.025e-05  6.723e-06  8.068e-05
 245.00  1.883e-04  4.841e-04  7.194e-04  4.437e-04 -2.689e-05 -2.017e-05  2.017e-05 -1.210e-04
 255.00  1.479e-04  4.168e-04  5.177e-04  3.563e-04  0.000e+00  1.345e-05  1.546e-04 -1.143e-04
 265.00  2.118e-04  3.664e-04  5.715e-04  2.958e-04 -2.353e-05  3.698e-05  6.051e-05 -5.379e-05
 275.00  1.849e-04  3.900e-04  5.984e-04  4.706e-04 -2.353e-05 -4.034e-05  7.396e-05 -5.379e-05
 285.00  2.219e-04  4.000e-04  3.631e-04  3.362e-04 -2.017e-05 -7.732e-05  1.076e-04 -8.068e-05
 295.00  1.714e-04  3.832e-04  3.698e-04  3.832e-04  3.025e-05  3.362e-05 -1.008e-04  2.017e-05
 305.00  1.950e-04  4.774e-04  4.841e-04  4.706e-04  6.723e-06 -1.277e-04 -5.379e-05  1.210e-04
 315.00  2.891e-04  4.135e-04  5.177e-04  4.034e-04  0.000e+00 -3.698e-05 -4.706e-05 -1.479e-04
 325.00  1.983e-04  3.025e-04  3.631e-04  4.236e-04 -1.244e-04 -2.017e-05 -4.034e-05  2.017e-05
 335.00  2.555e-04  3.395e-04  3.227e-04  2.622e-04 -2.017e-05 -1.042e-04 -2.689e-05  6.723e-06
 345.00  2.420e-04  3.463e-04  4.437e-04  3.563e-04  0.000e+00 -4.370e-05 -1.345e-05 -3.362e-05
 355.00  2.521e-04  2.555e-04  2.420e-04  2.891e-04 -5.715e-05 -4.034e-05 -8.068e-05 -1.277e-04
 365.00  2.891e-04  3.496e-04  4.505e-04  3.362e-04 -8.068e-05  6.723e-05  2.017e-05 -4.034e-05
 375.00  3.731e-04  2.151e-04  4.101e-04  3.496e-04  3.025e-05 -1.345e-05  4.706e-05 -5.379e-05
 385.00  2.588e-04  3.093e-04  3.698e-04  4.034e-04 -2.353e-05  4.706e-05  8.740e-05  2.689e-05
 395.00  4.135e-04  2.958e-04  3.362e-04  3.698e-04 -3.698e-05 -1.345e-05  5.379e-05  6.723e-06
 405.00  2.488e-04  2.555e-04  4.101e-04  3.765e-04 -6.723e-06 -1.345e-05  3.362e-05  2.689e-05
 415.00  2.992e-04  2.857e-04  2.353e-04  3.563e-04 -1.109e-04 -3.025e-05 -6.723e-06  1.008e-04
 425.00  3.261e-04  2.521e-04  2.757e-04  3.362e-04 -4.370e-05  3.698e-05 -4.706e-05 -2.689e-05
 435.00  3.126e-04  2.252e-04  3.025e-04  3.429e-04 -8.404e-05 -5.042e-05  7.396e-05  8.740e-05
 445.00  2.555e-04  2.488e-04  3.093e-04  3.025e-04 -6.723e-06 -6.051e-05 -6.723e-05 -3.362e-05
 455.00  3.160e-04  2.555e-04  2.689e-04  2.824e-04  4.706e-05 -6.723e-06 -2.689e-05  0.000e+00
 465.00  3.362e-04  2.084e-04  2.084e-04  3.631e-04  3.362e-05 -3.362e-05 -6.051e-05  6.723e-05
 475.00  1.983e-04  1.681e-04  3.093e-04  4.101e-04 -6.387e-05  6.723e-06 -4.034e-05  4.706e-05
 485.00  2.958e-04  2.286e-04  2.286e-04  4.505e-04 -3.362e-05 -6.723e-06 -5.379e-05  2.017e-05
 495.00  3.765e-04  2.252e-04  1.143e-04  2.555e-04 -1.345e-05  1.681e-05 -8.740e-05  2.689e-05
 505.00  3.025e-04  2.454e-04  2.084e-04  2.891e-04 -4.034e-05  1.008e-05 -6.723e-06 -2.017e-05
 515.00  3.362e-04  2.252e-04  2.622e-04  2.353e-04  2.689e-05  1.681e-05 -3.362e-05  4.706e-05
 525.00  3.227e-04  2.219e-04  1.748e-04  2.824e-04 -1.345e-05 -1.345e-05 -2.689e-05 -2.689e-05
 535.00  3.463e-04  1.983e-04  2.824e-04  2.757e-04  2.353e-05 -1.681e-05 -1.345e-05 -3.362e-05
 545.00  2.656e-04  1.614e-04  2.151e-04  3.563e-04  1.681e-05 -6.723e-06  1.345e-05 -3.362e-05
 555.00  4.605e-04  1.950e-04  1.681e-04  2.151e-04  1.681e-05 -7.396e-05  6.723e-06  1.345e-05
 565.00  3.731e-04  1.546e-04  1.479e-04  2.219e-04 -2.353e-05 -6.051e-05 -1.345e-05  6.723e-06
 575.00  2.656e-04  1.916e-04  1.546e-04  3.563e-04 -4.370e-05 -6.387e-05 -1.143e-04 -4.706e-05
 585.00  4.202e-04  1.277e-04  1.008e-04  3.294e-04 -6.387e-05  0.000e+00  2.017e-05  4.706e-05
 595.00  3.261e-04  1.883e-04  1.210e-04  2.757e-04 -7.732e-05 -2.689e-05  0.000e+00 -7.396e-05
 605.00  3.362e-04  9.749e-05  1.479e-04  2.488e-04  6.723e-05  3.025e-05  8.068e-05 -6.723e-06
 615.00  2.857e-04  1.277e-04  1.479e-04  2.488e-04  2.353e-05 -1.345e-05  9.413e-05 -6.723e-06
 625.00  3.597e-04  1.681e-04  1.412e-04  2.891e-04 -2.353e-05  2.689e-05  2.017e-05  6.723e-06
 635.00  2.521e-04  1.513e-04  1.143e-04  2.286e-04  4.370e-05 -2.353e-05  2.017e-05 -4.034e-05
 645.00  3.496e-04  1.210e-04  1.076e-04  3.025e-04 -2.017e-05  2.689e-05  0.000e+00 -2.017e-05
 655.00  3.597e-04  1.277e-04  1.345e-04  2.555e-04  7.059e-05  2.689e-05 -2.689e-05 -1.345e-05
 665.00  3.597e-04  1.580e-04  8.740e-05  2.420e-04 -3.362e-06 -2.353e-05 -6.723e-06  8.068e-05
 675.00  2.420e-04  1.580e-04  1.008e-04  2.017e-04 -4.034e-05  1.681e-05 -4.706e-05  2.689e-05
 685.00  3.631e-04  1.244e-04  4.034e-05  2.286e-04 -2.017e-05  3.362e-06 -5.379e-05  1.345e-05
 695.00  3.597e-04  1.042e-04  4.034e-05  2.488e-04  3.362e-06  1.681e-05 -2.689e-05 -2.017e-05
 705.00  2.857e-04  1.244e-04  6.051e-05  1.883e-04  4.370e-05 -1.008e-05 -6.723e-06  0.000e+00
 715.00  3.160e-04  9.749e-05  6.723e-05  1.950e-04 -2.689e-05  2.353e-05  1.345e-05  2.017e-05
 725.00  3.597e-04  1.008e-04  1.210e-04  1.647e-04  3.698e-05  0.000e+00  4.034e-05  2.353e-05
 735.00  2.958e-04  1.378e-04  6.723e-05  1.143e-04 -4.034e-05 -3.025e-05 -1.345e-05 -6.723e-06
 745.00  2.757e-04  8.404e-05  4.706e-05  1.748e-04 -6.723e-06  3.025e-05 -2.017e-05  1.345e-05
 755.00  2.689e-04  7.396e-05  4.706e-05  1.614e-04 -6.723e-05 -2.017e-05 -2.017e-05 -1.345e-05
 765.00  2.454e-04  1.042e-04  4.034e-05  2.219e-04  3.362e-06 -4.370e-05  4.034e-05  4.706e-05
 775.00  2.353e-04  1.042e-04  4.706e-05  1.983e-04 -1.345e-05 -3.025e-05  6.723e-06  3.025e-05
 785.00  2.656e-04  7.059e-05  4.706e-05  1.546e-04 -1.681e-05 -3.362e-06 -2.017e-05  6.723e-06
 795.00  2.857e-04  8.068e-05  6.051e-05  2.017e-04 -3.025e-05  0.000e+00 -6.723e-06 -2.689e-05
 805.00  1.883e-04  1.177e-04  3.362e-05  1.345e-04 -1.345e-05 -3.362e-06  2.017e-05  0.000e+00
 815.00  2.891e-04  8.068e-05  3.362e-05  1.681e-04 -1.076e-04  0.000e+00  6.723e-06  6.723e-06
 825.00  3.093e-04  9.413e-05  6.723e-06  9.413e-05  0.000e+00  6.723e-06  6.723e-06 -1.345e-05
 835.00  2.286e-04  5.379e-05 -6.723e-06  1.681e-04 -2.017e-05  0.000e+00  6.723e-06  4.706e-05
 845.00  2.387e-04  7.396e-05  4.034e-05  1.076e-04 -1.681e-05 -3.362e-05 -1.345e-05 -4.034e-05
 855.00  2.824e-04  6.387e-05  5.379e-05  1.277e-04  5.379e-05 -1.681e-05  0.000e+00  3.362e-05
 865.00  2.151e-04  8.404e-05  3.362e-05  1.479e-04 -2.017e-05  3.362e-06  2.017e-05  0.000e+00
 875.00  1.748e-04  7.059e-05  1.345e-05  7.396e-05  0.000e+00 -1.008e-05  0.000e+00 -6.723e-06
 885.00  1.782e-04  5.715e-05  3.362e-05  1.143e-04 -1.008e-05  2.353e-05  2.017e-05  3.362e-05
 895.00  2.353e-04  7.396e-05  2.017e-05  1.143e-04  6.723e-06  0.000e+00 -6.723e-06 -2.017e-05
 905.00  2.353e-04  3.698e-05  2.689e-05  1.681e-04 -6.051e-05 -3.362e-06  1.345e-05 -4.706e-05
 915.00  2.387e-04  4.706e-05  6.723e-06  1.345e-04  1.008e-05 -2.689e-05  6.723e-06 -2.689e-05
 925.00  1.916e-04  8.404e-05  6.723e-06  6.051e-05 -4.370e-05  1.681e-05 -6.723e-06 -2.017e-05
 935.00  1.883e-04  6.723e-05  1.345e-05  1.210e-04  1.345e-05 -1.345e-05  1.345e-05  0.000e+00
 945.00  2.286e-04  4.706e-05  2.017e-05  6.051e-05 -1.345e-05  1.345e-05  6.723e-06 -2.017e-05
 955.00  2.051e-04  5.042e-05  6.723e-06  8.740e-05 -5.042e-05 -1.008e-05 -6.723e-06  6.723e-06
 965.00  1.815e-04  4.706e-05  2.017e-05  1.143e-04  0.000e+00  6.723e-06  6.723e-06 -6.723e-06
 975.00  1.983e-04  4.370e-05  1.345e-05  9.413e-05 -1.008e-05  2.353e-05  1.345e-05  5.379e-05
 985.00  1.681e-04  5.715e-05  2.689e-05  1.008e-04  6.723e-06 -3.362e-06  0.000e+00 -6.723e-06
 995.00  2.723e-04  1.008e-04  6.723e-06  1.277e-04 -3.698e-05  6.723e-06  6.723e-06 -2.017e-05
