 0.05  4.503e-01
 0.15  4.355e-01
 0.25  4.124e-01
 0.35  3.828e-01
 0.45  3.474e-01
 0.55  3.131e-01
 0.65  2.763e-01
 0.75  2.388e-01
 0.85  2.061e-01
 0.95  1.785e-01
 1.05  1.534e-01
 1.15  1.312e-01
 1.25  9.882e-02
 1.35  8.412e-02
 1.45  4.889e-02
 1.55  4.153e-02
 1.65  0.000e+00
 1.75  0.000e+00
 1.85  0.000e+00
 1.95  0.000e+00
 2.05  0.000e+00
 2.15  0.000e+00
 2.25  0.000e+00
 2.35  0.000e+00
 2.45  0.000e+00
 2.55  0.000e+00
 2.65  0.000e+00
 2.75  0.000e+00
 2.85  0.000e+00
 2.95  0.000e+00
