 0.05  4.376e-01
 0.15  4.239e-01
 0.25  4.004e-01
 0.35  3.713e-01
 0.45  3.362e-01
 0.55  3.009e-01
 0.65  2.637e-01
 0.75  2.284e-01
 0.85  1.976e-01
 0.95  1.707e-01
 1.05  1.449e-01
 1.15  1.254e-01
 1.25  9.327e-02
 1.35  7.847e-02
 1.45  4.624e-02
 1.55  3.952e-02
 1.65  0.000e+00
 1.75  0.000e+00
 1.85  0.000e+00
 1.95  0.000e+00
 2.05  0.000e+00
 2.15  0.000e+00
 2.25  0.000e+00
 2.35  0.000e+00
 2.45  0.000e+00
 2.55  0.000e+00
 2.65  0.000e+00
 2.75  0.000e+00
 2.85  0.000e+00
 2.95  0.000e+00
