   0.05  2.959e-02  2.959e-02
   0.15  3.411e-02  3.411e-02
   0.25  3.365e-02  3.365e-02
   0.35  3.324e-02  3.324e-02
   0.45  2.684e-02  2.684e-02
   0.55  2.630e-02  2.630e-02
   0.65  2.469e-02  2.469e-02
   0.75  2.270e-02  2.270e-02
   0.85  1.868e-02  1.868e-02
   0.95  1.672e-02  1.672e-02
   1.05  1.459e-02  1.459e-02
   1.15  1.519e-02  1.519e-02
   1.25  1.122e-02  1.122e-02
   1.35  1.075e-02  1.075e-02
   1.45  9.093e-03  9.093e-03
   1.55  7.514e-03  7.514e-03
   1.65  7.731e-03  7.731e-03
   1.75  5.390e-03  5.390e-03
   1.85  5.853e-03  5.853e-03
   1.95  4.247e-03  4.247e-03
   2.05  2.232e-03  2.232e-03
   2.15  3.267e-04  3.267e-04
   2.25  5.445e-05  5.445e-05
   2.35  1.633e-04  1.633e-04
   2.45  0.000e+00  0.000e+00
   2.55 -2.178e-04 -2.178e-04
   2.65 -1.089e-04 -1.089e-04
   2.75 -2.722e-04 -2.722e-04
   2.85  0.000e+00  0.000e+00
   2.95  0.000e+00  0.000e+00
   3.05  0.000e+00  0.000e+00
   3.15  0.000e+00  0.000e+00
   3.25  0.000e+00  0.000e+00
   3.35  0.000e+00  0.000e+00
   3.45  0.000e+00  0.000e+00
   3.55  0.000e+00  0.000e+00
   3.65  0.000e+00  0.000e+00
   3.75  0.000e+00  0.000e+00
   3.85  0.000e+00  0.000e+00
   3.95  0.000e+00  0.000e+00
   4.05  0.000e+00  0.000e+00
   4.15  0.000e+00  0.000e+00
   4.25  0.000e+00  0.000e+00
   4.35  0.000e+00  0.000e+00
   4.45  0.000e+00  0.000e+00
   4.55  0.000e+00  0.000e+00
   4.65  0.000e+00  0.000e+00
   4.75  0.000e+00  0.000e+00
   4.85  0.000e+00  0.000e+00
   4.95  0.000e+00  0.000e+00
