-173.57  4.080e-04  5.492e-05
-160.71  5.688e-04 -1.295e-04
-147.86  3.609e-04  1.569e-05
-135.00  4.394e-04 -1.569e-04
-122.14  5.806e-04  2.354e-05
-109.29  4.707e-04 -1.569e-04
 -96.43  6.904e-04 -8.630e-05
 -83.57  7.846e-04  1.020e-04
 -70.71  1.130e-03 -2.511e-04
 -57.86  1.416e-03 -1.608e-04
 -45.00  1.785e-03 -3.531e-05
 -32.14  2.216e-03  1.451e-04
 -19.29  2.616e-03  3.727e-04
  -6.43  3.111e-03 -1.059e-04
   6.43  3.295e-03  3.138e-05
  19.29  2.946e-03 -4.276e-04
  32.14  2.244e-03 -2.511e-04
  45.00  1.954e-03 -3.060e-04
  57.86  1.318e-03  1.020e-04
  70.71  1.063e-03 -1.765e-04
  83.57  1.220e-03 -6.669e-05
  96.43  7.218e-04  6.276e-05
 109.29  8.552e-04 -7.061e-05
 122.14  4.982e-04 -2.079e-04
 135.00  3.609e-04 -4.707e-05
 147.86  3.884e-04 -1.216e-04
 160.71  4.472e-04  7.846e-06
 173.57  4.433e-04 -9.807e-05
