 0.05  3.751e-01
 0.15  3.659e-01
 0.25  3.471e-01
 0.35  3.233e-01
 0.45  2.959e-01
 0.55  2.657e-01
 0.65  2.352e-01
 0.75  2.055e-01
 0.85  1.789e-01
 0.95  1.530e-01
 1.05  1.309e-01
 1.15  1.113e-01
 1.25  9.414e-02
 1.35  8.038e-02
 1.45  6.791e-02
 1.55  5.738e-02
 1.65  0.000e+00
 1.75  0.000e+00
 1.85  0.000e+00
 1.95  0.000e+00
 2.05  0.000e+00
 2.15  0.000e+00
 2.25  0.000e+00
 2.35  0.000e+00
 2.45  0.000e+00
 2.55  0.000e+00
 2.65  0.000e+00
 2.75  0.000e+00
 2.85  0.000e+00
 2.95  0.000e+00
