   0.05  2.894e-02 -3.853e-03
   0.15  2.644e-02  1.355e-03
   0.25  2.354e-02 -1.594e-04
   0.35  2.192e-02 -3.003e-03
   0.45  1.927e-02  5.049e-04
   0.55  1.451e-02  2.817e-03
   0.65  1.353e-02 -3.109e-03
   0.75  1.018e-02  2.418e-03
   0.85  7.733e-03 -4.517e-04
   0.95  2.976e-03 -9.035e-04
   1.05  5.315e-03 -1.807e-03
   1.15  6.138e-03 -3.455e-04
   1.25  4.783e-03 -2.817e-03
   1.35  6.510e-03 -5.580e-04
   1.45  2.392e-03 -1.063e-04
   1.55 -2.392e-03 -1.063e-04
   1.65 -2.631e-03 -1.674e-03
   1.75  7.706e-04  5.049e-04
   1.85 -3.827e-03  1.063e-03
   1.95 -7.706e-04  1.887e-03
   2.05  2.657e-05  2.923e-04
   2.15 -1.674e-03  4.517e-04
   2.25 -1.780e-03  1.089e-03
   2.35 -2.657e-05 -1.621e-03
   2.45 -1.860e-04 -1.249e-03
   2.55  2.392e-04  7.175e-04
   2.65 -9.301e-04  1.329e-04
   2.75 -6.378e-04  1.063e-04
   2.85 -3.720e-04 -2.657e-04
   2.95 -5.580e-04  2.392e-04
   3.05 -3.986e-04  1.329e-04
   3.15 -1.594e-04 -2.657e-04
   3.25 -3.720e-04 -2.126e-04
   3.35 -2.126e-04 -1.594e-04
   3.45  1.063e-04 -5.315e-05
   3.55  5.049e-04 -2.657e-05
   3.65 -1.063e-04 -1.063e-04
   3.75 -2.923e-04 -2.392e-04
   3.85 -2.657e-05 -2.657e-05
   3.95  1.063e-04 -1.063e-04
   4.05  2.657e-05 -7.972e-05
   4.15 -5.315e-05 -1.594e-04
   4.25 -2.657e-05  7.972e-05
   4.35 -2.657e-05  1.329e-04
   4.45 -7.972e-05  7.972e-05
   4.55  0.000e+00  0.000e+00
   4.65  2.657e-05  7.972e-05
   4.75  5.315e-05  5.315e-05
   4.85  0.000e+00  5.315e-05
   4.95  0.000e+00  0.000e+00
