   0.05  1.401e-02 -1.716e-05
   0.15  1.510e-02 -7.624e-04
   0.25  1.119e-02  3.958e-03
   0.35  1.151e-02 -1.082e-03
   0.45  1.168e-02  7.832e-04
   0.55  1.041e-02 -5.335e-03
   0.65  9.206e-03  4.876e-03
   0.75  1.254e-02  6.771e-04
   0.85  8.565e-03 -6.268e-04
   0.95  1.070e-02  1.013e-03
   1.05  4.347e-03  1.904e-03
   1.15  8.768e-03  9.232e-05
   1.25  5.952e-03  7.357e-04
   1.35  4.394e-03  3.001e-03
   1.45  4.161e-03  4.587e-04
   1.55  6.004e-03 -1.015e-03
   1.65  3.481e-03  3.045e-03
   1.75  2.609e-03 -5.259e-04
   1.85  3.111e-03  7.214e-04
   1.95  3.345e-03 -8.763e-04
   2.05  0.000e+00  0.000e+00
   2.15  0.000e+00  0.000e+00
   2.25  0.000e+00  0.000e+00
   2.35  0.000e+00  0.000e+00
   2.45  0.000e+00  0.000e+00
   2.55  0.000e+00  0.000e+00
   2.65  0.000e+00  0.000e+00
   2.75  0.000e+00  0.000e+00
   2.85  0.000e+00  0.000e+00
   2.95  0.000e+00  0.000e+00
   3.05  0.000e+00  0.000e+00
   3.15  0.000e+00  0.000e+00
   3.25  0.000e+00  0.000e+00
   3.35  0.000e+00  0.000e+00
   3.45  0.000e+00  0.000e+00
   3.55  0.000e+00  0.000e+00
   3.65  0.000e+00  0.000e+00
   3.75  0.000e+00  0.000e+00
   3.85  0.000e+00  0.000e+00
   3.95  0.000e+00  0.000e+00
   4.05  0.000e+00  0.000e+00
   4.15  0.000e+00  0.000e+00
   4.25  0.000e+00  0.000e+00
   4.35  0.000e+00  0.000e+00
   4.45  0.000e+00  0.000e+00
   4.55  0.000e+00  0.000e+00
   4.65  0.000e+00  0.000e+00
   4.75  0.000e+00  0.000e+00
   4.85  0.000e+00  0.000e+00
   4.95  0.000e+00  0.000e+00
