   0.05  1.945e-01 -1.349e-02
   0.15  2.546e-01  1.815e-02
   0.25  2.756e-01  4.990e-02
   0.35  2.080e-01 -5.582e-02
   0.45  1.331e-01 -2.091e-03
   0.55  2.213e-01 -3.698e-02
   0.65  1.140e-01 -2.085e-02
   0.75  1.281e-01 -3.142e-02
   0.85  7.942e-02 -6.906e-03
   0.95  7.835e-02  1.057e-03
   1.05  8.199e-02  7.958e-03
   1.15  7.552e-02  7.216e-03
   1.25  5.356e-02  6.919e-03
   1.35  2.030e-02 -7.602e-03
   1.45  2.481e-02 -2.951e-02
   1.55  3.283e-02 -2.406e-03
   1.65  1.922e-02 -1.681e-02
   1.75  2.252e-02  8.551e-03
   1.85  2.845e-02 -6.446e-04
   1.95  2.695e-02 -3.269e-03
   2.05  0.000e+00  0.000e+00
   2.15  0.000e+00  0.000e+00
   2.25  0.000e+00  0.000e+00
   2.35  0.000e+00  0.000e+00
   2.45  0.000e+00  0.000e+00
   2.55  0.000e+00  0.000e+00
   2.65  0.000e+00  0.000e+00
   2.75  0.000e+00  0.000e+00
   2.85  0.000e+00  0.000e+00
   2.95  0.000e+00  0.000e+00
   3.05  0.000e+00  0.000e+00
   3.15  0.000e+00  0.000e+00
   3.25  0.000e+00  0.000e+00
   3.35  0.000e+00  0.000e+00
   3.45  0.000e+00  0.000e+00
   3.55  0.000e+00  0.000e+00
   3.65  0.000e+00  0.000e+00
   3.75  0.000e+00  0.000e+00
   3.85  0.000e+00  0.000e+00
   3.95  0.000e+00  0.000e+00
   4.05  0.000e+00  0.000e+00
   4.15  0.000e+00  0.000e+00
   4.25  0.000e+00  0.000e+00
   4.35  0.000e+00  0.000e+00
   4.45  0.000e+00  0.000e+00
   4.55  0.000e+00  0.000e+00
   4.65  0.000e+00  0.000e+00
   4.75  0.000e+00  0.000e+00
   4.85  0.000e+00  0.000e+00
   4.95  0.000e+00  0.000e+00
