   0.05  5.674e-01  5.674e-01
   0.15  5.710e-01  5.710e-01
   0.25  4.904e-01  4.904e-01
   0.35  4.518e-01  4.518e-01
   0.45  3.428e-01  3.428e-01
   0.55  3.336e-01  3.336e-01
   0.65  2.885e-01  2.885e-01
   0.75  1.904e-01  1.904e-01
   0.85  2.118e-01  2.118e-01
   0.95  1.622e-01  1.622e-01
   1.05  1.453e-01  1.453e-01
   1.15  1.257e-01  1.257e-01
   1.25  9.730e-02  9.730e-02
   1.35  8.869e-02  8.869e-02
   1.45  9.078e-02  9.078e-02
   1.55  9.104e-02  9.104e-02
   1.65  7.043e-02  7.043e-02
   1.75  5.295e-02  5.295e-02
   1.85  4.956e-02  4.956e-02
   1.95  2.713e-02  2.713e-02
   2.05  1.278e-02  1.278e-02
   2.15  3.913e-03  3.913e-03
   2.25  2.348e-03  2.348e-03
   2.35  3.652e-03  3.652e-03
   2.45  2.348e-03  2.348e-03
   2.55 -7.826e-04 -7.826e-04
   2.65 -5.217e-04 -5.217e-04
   2.75 -5.217e-04 -5.217e-04
   2.85 -2.609e-04 -2.609e-04
   2.95  0.000e+00  0.000e+00
   3.05  0.000e+00  0.000e+00
   3.15  2.609e-04  2.609e-04
   3.25  0.000e+00  0.000e+00
   3.35  0.000e+00  0.000e+00
   3.45  0.000e+00  0.000e+00
   3.55  0.000e+00  0.000e+00
   3.65  0.000e+00  0.000e+00
   3.75  0.000e+00  0.000e+00
   3.85  0.000e+00  0.000e+00
   3.95  0.000e+00  0.000e+00
   4.05  0.000e+00  0.000e+00
   4.15  0.000e+00  0.000e+00
   4.25  0.000e+00  0.000e+00
   4.35  0.000e+00  0.000e+00
   4.45  0.000e+00  0.000e+00
   4.55  0.000e+00  0.000e+00
   4.65  0.000e+00  0.000e+00
   4.75  0.000e+00  0.000e+00
   4.85  0.000e+00  0.000e+00
   4.95  0.000e+00  0.000e+00
