   0.05  3.068e-02  3.068e-02
   0.15  3.196e-02  3.196e-02
   0.25  2.988e-02  2.988e-02
   0.35  2.788e-02  2.788e-02
   0.45  1.517e-02  1.517e-02
   0.55  7.370e-03  7.370e-03
   0.65  1.180e-02  1.180e-02
   0.75  4.566e-03  4.566e-03
   0.85  3.578e-03  3.578e-03
   0.95 -2.670e-04 -2.670e-04
   1.05 -2.083e-03 -2.083e-03
   1.15 -1.041e-03 -1.041e-03
   1.25 -4.273e-04 -4.273e-04
   1.35  1.656e-03  1.656e-03
   1.45 -2.670e-04 -2.670e-04
   1.55 -3.872e-03 -3.872e-03
   1.65 -3.365e-03 -3.365e-03
   1.75 -4.273e-04 -4.273e-04
   1.85 -3.178e-03 -3.178e-03
   1.95 -3.258e-03 -3.258e-03
   2.05 -1.709e-03 -1.709e-03
   2.15 -2.110e-03 -2.110e-03
   2.25 -3.204e-04 -3.204e-04
   2.35 -2.136e-04 -2.136e-04
   2.45 -4.807e-04 -4.807e-04
   2.55  2.670e-04  2.670e-04
   2.65  5.341e-05  5.341e-05
   2.75  5.341e-05  5.341e-05
   2.85 -5.341e-05 -5.341e-05
   2.95  0.000e+00  0.000e+00
   3.05  0.000e+00  0.000e+00
   3.15  0.000e+00  0.000e+00
   3.25  0.000e+00  0.000e+00
   3.35  0.000e+00  0.000e+00
   3.45  0.000e+00  0.000e+00
   3.55  0.000e+00  0.000e+00
   3.65  0.000e+00  0.000e+00
   3.75  0.000e+00  0.000e+00
   3.85  0.000e+00  0.000e+00
   3.95  0.000e+00  0.000e+00
   4.05  0.000e+00  0.000e+00
   4.15  0.000e+00  0.000e+00
   4.25  0.000e+00  0.000e+00
   4.35  0.000e+00  0.000e+00
   4.45  0.000e+00  0.000e+00
   4.55  0.000e+00  0.000e+00
   4.65  0.000e+00  0.000e+00
   4.75  0.000e+00  0.000e+00
   4.85  0.000e+00  0.000e+00
   4.95  0.000e+00  0.000e+00
