   0.05  1.907e-02 -1.746e-03
   0.15  1.008e-02 -2.625e-03
   0.25  1.315e-02  3.890e-03
   0.35  1.315e-02  1.332e-03
   0.45  9.529e-03 -5.385e-04
   0.55  1.548e-02  7.015e-04
   0.65  8.093e-03 -2.941e-05
   0.75  9.465e-03 -1.259e-03
   0.85  9.218e-03  2.401e-03
   0.95  8.220e-03  3.729e-03
   1.05  6.935e-03  1.329e-03
   1.15  4.966e-03  2.796e-03
   1.25  8.636e-03  9.899e-04
   1.35  6.069e-03 -6.826e-04
   1.45  5.564e-03 -1.323e-03
   1.55  2.782e-03  1.515e-03
   1.65  6.657e-04  2.119e-03
   1.75  7.730e-03  1.163e-03
   1.85  2.424e-03 -1.229e-03
   1.95  5.034e-03 -7.144e-05
   2.05  0.000e+00  0.000e+00
   2.15  0.000e+00  0.000e+00
   2.25  0.000e+00  0.000e+00
   2.35  0.000e+00  0.000e+00
   2.45  0.000e+00  0.000e+00
   2.55  0.000e+00  0.000e+00
   2.65  0.000e+00  0.000e+00
   2.75  0.000e+00  0.000e+00
   2.85  0.000e+00  0.000e+00
   2.95  0.000e+00  0.000e+00
   3.05  0.000e+00  0.000e+00
   3.15  0.000e+00  0.000e+00
   3.25  0.000e+00  0.000e+00
   3.35  0.000e+00  0.000e+00
   3.45  0.000e+00  0.000e+00
   3.55  0.000e+00  0.000e+00
   3.65  0.000e+00  0.000e+00
   3.75  0.000e+00  0.000e+00
   3.85  0.000e+00  0.000e+00
   3.95  0.000e+00  0.000e+00
   4.05  0.000e+00  0.000e+00
   4.15  0.000e+00  0.000e+00
   4.25  0.000e+00  0.000e+00
   4.35  0.000e+00  0.000e+00
   4.45  0.000e+00  0.000e+00
   4.55  0.000e+00  0.000e+00
   4.65  0.000e+00  0.000e+00
   4.75  0.000e+00  0.000e+00
   4.85  0.000e+00  0.000e+00
   4.95  0.000e+00  0.000e+00
