   0.05  3.588e-01 -2.549e-02
   0.15  3.882e-01  6.176e-02
   0.25  3.362e-01 -1.862e-02
   0.35  3.098e-01 -1.372e-02
   0.45  3.450e-01  9.802e-04
   0.55  2.779e-01 -2.108e-02
   0.65  2.210e-01 -2.304e-02
   0.75  1.652e-01 -5.048e-02
   0.85  2.049e-01 -1.078e-02
   0.95  1.764e-01 -1.078e-02
   1.05  1.755e-01 -5.783e-02
   1.15  1.407e-01  1.127e-02
   1.25  1.049e-01 -2.451e-02
   1.35  1.265e-01 -1.470e-02
   1.45  9.459e-02 -1.127e-02
   1.55  7.401e-02 -1.617e-02
   1.65  8.430e-02  2.353e-02
   1.75  5.636e-02 -1.029e-02
   1.85  8.136e-02  5.881e-03
   1.95  4.803e-02  2.941e-03
   2.05  3.186e-02  4.411e-03
   2.15  2.206e-02  6.372e-03
   2.25  2.696e-02 -4.411e-03
   2.35  7.842e-03  6.862e-03
   2.45  1.813e-02 -2.451e-03
   2.55  4.901e-03 -2.941e-03
   2.65  1.176e-02  7.842e-03
   2.75  1.666e-02  4.901e-03
   2.85  1.470e-03 -4.411e-03
   2.95  5.881e-03 -9.802e-04
   3.05  8.332e-03  2.451e-03
   3.15  0.000e+00  1.960e-03
   3.25  0.000e+00 -2.941e-03
   3.35  1.960e-03  9.802e-04
   3.45  1.960e-03 -9.802e-04
   3.55 -2.451e-03  1.470e-03
   3.65  1.960e-03  9.802e-04
   3.75  3.431e-03  4.901e-04
   3.85 -4.901e-04  2.451e-03
   3.95  9.802e-04  0.000e+00
   4.05 -4.901e-04 -4.901e-04
   4.15  9.802e-04  0.000e+00
   4.25  9.802e-04  0.000e+00
   4.35  0.000e+00  9.802e-04
   4.45 -4.901e-04  4.901e-04
   4.55  0.000e+00  0.000e+00
   4.65 -1.960e-03  0.000e+00
   4.75  0.000e+00  0.000e+00
   4.85  0.000e+00  0.000e+00
   4.95  0.000e+00  0.000e+00
