   0.05  3.529e-01 -4.273e-02
   0.15  3.549e-01  2.636e-02
   0.25  3.524e-01  5.246e-02
   0.35  3.068e-01 -1.919e-02
   0.45  2.961e-01  9.980e-03
   0.55  2.664e-01 -1.715e-02
   0.65  2.370e-01 -7.677e-03
   0.75  2.393e-01 -1.100e-02
   0.85  2.211e-01 -1.535e-02
   0.95  1.842e-01 -5.630e-03
   1.05  1.474e-01  2.047e-03
   1.15  1.390e-01 -5.886e-03
   1.25  1.346e-01  4.094e-03
   1.35  1.123e-01  3.838e-03
   1.45  1.080e-01  1.382e-02
   1.55  9.980e-02  1.024e-02
   1.65  9.008e-02 -6.142e-03
   1.75  7.754e-02  1.510e-02
   1.85  6.730e-02  9.468e-03
   1.95  7.523e-02 -1.126e-02
   2.05  4.913e-02  5.118e-03
   2.15  2.892e-02 -2.303e-03
   2.25  1.075e-02 -3.071e-03
   2.35  1.075e-02 -1.535e-03
   2.45  5.374e-03 -9.980e-03
   2.55  1.382e-02 -7.165e-03
   2.65  9.980e-03 -5.374e-03
   2.75  6.142e-03  1.024e-03
   2.85  1.535e-03 -1.535e-03
   2.95  5.630e-03  3.583e-03
   3.05  4.606e-03  3.071e-03
   3.15 -5.118e-04 -2.047e-03
   3.25  1.791e-03  1.279e-03
   3.35  1.535e-03 -3.071e-03
   3.45  7.677e-04 -7.677e-04
   3.55  2.303e-03 -2.559e-04
   3.65  0.000e+00  5.118e-04
   3.75  1.279e-03 -2.559e-04
   3.85  1.279e-03 -7.677e-04
   3.95  5.118e-04 -2.559e-03
   4.05  0.000e+00  0.000e+00
   4.15  5.118e-04 -1.024e-03
   4.25 -5.118e-04  0.000e+00
   4.35  0.000e+00  5.118e-04
   4.45 -2.559e-04 -2.559e-04
   4.55 -2.559e-04 -2.559e-04
   4.65  5.118e-04 -5.118e-04
   4.75  0.000e+00  0.000e+00
   4.85 -2.559e-04  2.559e-04
   4.95  2.559e-04  2.559e-04
