   0.05  4.893e-01 -2.639e-03
   0.15  4.051e-01  3.669e-02
   0.25  3.605e-01 -2.217e-02
   0.35  3.563e-01 -5.068e-02
   0.45  2.956e-01 -1.056e-02
   0.55  3.286e-01 -1.399e-02
   0.65  2.895e-01  2.138e-02
   0.75  2.410e-01 -1.927e-02
   0.85  2.080e-01 -3.167e-02
   0.95  2.109e-01 -2.507e-02
   1.05  1.813e-01 -4.144e-02
   1.15  1.380e-01 -3.352e-02
   1.25  1.370e-01 -3.035e-02
   1.35  1.124e-01  0.000e+00
   1.45  1.098e-01 -2.692e-02
   1.55  8.921e-02  1.584e-03
   1.65  7.469e-02 -3.431e-03
   1.75  7.865e-02 -1.531e-02
   1.85  5.727e-02 -1.029e-02
   1.95  6.836e-02  1.320e-03
   2.05  0.000e+00  0.000e+00
   2.15  0.000e+00  0.000e+00
   2.25  0.000e+00  0.000e+00
   2.35  0.000e+00  0.000e+00
   2.45  0.000e+00  0.000e+00
   2.55  0.000e+00  0.000e+00
   2.65  0.000e+00  0.000e+00
   2.75  0.000e+00  0.000e+00
   2.85  0.000e+00  0.000e+00
   2.95  0.000e+00  0.000e+00
   3.05  0.000e+00  0.000e+00
   3.15  0.000e+00  0.000e+00
   3.25  0.000e+00  0.000e+00
   3.35  0.000e+00  0.000e+00
   3.45  0.000e+00  0.000e+00
   3.55  0.000e+00  0.000e+00
   3.65  0.000e+00  0.000e+00
   3.75  0.000e+00  0.000e+00
   3.85  0.000e+00  0.000e+00
   3.95  0.000e+00  0.000e+00
   4.05  0.000e+00  0.000e+00
   4.15  0.000e+00  0.000e+00
   4.25  0.000e+00  0.000e+00
   4.35  0.000e+00  0.000e+00
   4.45  0.000e+00  0.000e+00
   4.55  0.000e+00  0.000e+00
   4.65  0.000e+00  0.000e+00
   4.75  0.000e+00  0.000e+00
   4.85  0.000e+00  0.000e+00
   4.95  0.000e+00  0.000e+00
