   0.05  2.152e-01 -3.254e-02
   0.15  2.827e-01 -2.882e-02
   0.25  2.575e-01 -6.258e-02
   0.35  1.703e-01 -3.372e-02
   0.45  1.790e-01 -7.779e-03
   0.55  1.163e-01 -2.926e-02
   0.65  1.548e-01 -1.529e-02
   0.75  1.539e-01 -7.380e-03
   0.85  1.257e-01  2.948e-02
   0.95  9.425e-02 -6.956e-03
   1.05  5.090e-02  7.989e-03
   1.15  4.286e-02 -3.182e-03
   1.25  5.593e-02 -1.597e-02
   1.35  4.333e-02 -3.621e-03
   1.45  6.427e-02 -2.599e-03
   1.55  5.016e-02 -2.797e-03
   1.65  3.518e-02 -2.375e-02
   1.75  2.024e-02  2.047e-02
   1.85  2.165e-02  5.852e-03
   1.95  2.869e-02  3.425e-03
   2.05  2.607e-02 -7.098e-03
   2.15  3.761e-03  9.139e-03
   2.25  1.026e-02 -8.566e-03
   2.35  3.885e-03  1.709e-03
   2.45  6.572e-04 -3.645e-03
   2.55  4.109e-03 -2.437e-03
   2.65  9.317e-03 -1.374e-03
   2.75  6.699e-05 -2.824e-05
   2.85  3.553e-03  8.132e-04
   2.95  2.348e-03  3.861e-04
   3.05 -3.042e-04 -1.559e-03
   3.15  9.626e-04  3.978e-03
   3.25 -1.119e-03  4.766e-03
   3.35 -1.016e-03  6.969e-04
   3.45  2.420e-03 -1.798e-03
   3.55  8.547e-04 -1.653e-03
   3.65  1.195e-03  3.313e-04
   3.75 -1.083e-03  5.119e-05
   3.85 -9.691e-05 -1.190e-03
   3.95  4.950e-04  5.850e-06
   4.05  5.807e-04 -4.623e-04
   4.15  1.082e-04 -5.975e-04
   4.25  5.986e-04  5.986e-04
   4.35 -4.683e-04 -5.003e-04
   4.45  7.951e-04  1.623e-04
   4.55  4.936e-04 -4.936e-04
   4.65  0.000e+00  0.000e+00
   4.75 -2.986e-04 -2.986e-04
   4.85  0.000e+00  0.000e+00
   4.95  3.280e-04 -3.280e-04
