   0.05  6.037e-01  6.037e-01
   0.15  6.161e-01  6.161e-01
   0.25  4.934e-01  4.934e-01
   0.35  4.918e-01  4.918e-01
   0.45  3.842e-01  3.842e-01
   0.55  2.651e-01  2.651e-01
   0.65  2.713e-01  2.713e-01
   0.75  2.765e-01  2.765e-01
   0.85  2.149e-01  2.149e-01
   0.95  1.807e-01  1.807e-01
   1.05  1.180e-01  1.180e-01
   1.15  1.538e-01  1.538e-01
   1.25  1.113e-01  1.113e-01
   1.35  1.129e-01  1.129e-01
   1.45  9.992e-02  9.992e-02
   1.55  8.439e-02  8.439e-02
   1.65  7.248e-02  7.248e-02
   1.75  6.264e-02  6.264e-02
   1.85  4.349e-02  4.349e-02
   1.95  2.589e-02  2.589e-02
   2.05  1.398e-02  1.398e-02
   2.15  8.801e-03  8.801e-03
   2.25  6.213e-03  6.213e-03
   2.35  5.177e-03  5.177e-03
   2.45 -1.553e-03 -1.553e-03
   2.55  2.071e-03  2.071e-03
   2.65  5.177e-04  5.177e-04
   2.75 -5.177e-04 -5.177e-04
   2.85  1.035e-03  1.035e-03
   2.95  0.000e+00  0.000e+00
   3.05  0.000e+00  0.000e+00
   3.15  5.177e-04  5.177e-04
   3.25  0.000e+00  0.000e+00
   3.35  0.000e+00  0.000e+00
   3.45  0.000e+00  0.000e+00
   3.55  0.000e+00  0.000e+00
   3.65  0.000e+00  0.000e+00
   3.75  0.000e+00  0.000e+00
   3.85  0.000e+00  0.000e+00
   3.95  0.000e+00  0.000e+00
   4.05  0.000e+00  0.000e+00
   4.15  0.000e+00  0.000e+00
   4.25  0.000e+00  0.000e+00
   4.35  0.000e+00  0.000e+00
   4.45  0.000e+00  0.000e+00
   4.55  0.000e+00  0.000e+00
   4.65  0.000e+00  0.000e+00
   4.75  0.000e+00  0.000e+00
   4.85  0.000e+00  0.000e+00
   4.95  0.000e+00  0.000e+00
