   0.05  2.220e-01  3.334e-03
   0.15  2.140e-01  9.744e-03
   0.25  1.993e-01 -2.133e-02
   0.35  1.864e-01 -8.572e-03
   0.45  1.760e-01 -1.819e-02
   0.55  1.613e-01  3.348e-03
   0.65  1.414e-01 -3.282e-04
   0.75  1.319e-01 -3.927e-03
   0.85  9.972e-02 -3.276e-03
   0.95  8.910e-02 -1.380e-02
   1.05  7.521e-02  2.877e-03
   1.15  6.181e-02 -6.003e-03
   1.25  5.784e-02 -2.822e-03
   1.35  5.045e-02 -6.053e-03
   1.45  4.190e-02  1.986e-03
   1.55  3.549e-02  6.456e-03
   1.65  2.884e-02  6.218e-03
   1.75  2.559e-02  4.866e-03
   1.85  2.864e-02  3.497e-03
   1.95  2.242e-02  2.446e-03
   2.05  1.049e-02  1.716e-03
   2.15  7.464e-03 -7.924e-04
   2.25  3.463e-03  1.049e-03
   2.35  6.014e-03 -7.302e-04
   2.45  7.839e-04  1.636e-05
   2.55  1.008e-04  1.862e-03
   2.65  1.138e-03  2.216e-03
   2.75 -2.751e-03  2.594e-04
   2.85 -5.875e-04 -1.220e-04
   2.95  2.092e-04  2.862e-04
   3.05 -3.242e-04  1.401e-03
   3.15  1.111e-03  1.923e-04
   3.25  6.001e-05 -1.470e-04
   3.35  8.148e-05 -3.536e-04
   3.45 -2.435e-04 -2.870e-05
   3.55 -7.856e-05 -3.931e-04
   3.65 -3.616e-04 -5.447e-04
   3.75  2.942e-04  2.605e-04
   3.85  9.183e-05  7.708e-04
   3.95 -4.765e-04  1.071e-04
   4.05  1.887e-05  1.244e-04
   4.15  5.635e-05 -1.949e-04
   4.25 -1.921e-05  9.950e-05
   4.35 -5.179e-05  2.263e-05
   4.45  2.369e-04  2.163e-04
   4.55  1.102e-04 -9.323e-05
   4.65  2.522e-04  1.276e-04
   4.75 -8.654e-05 -1.017e-04
   4.85  4.001e-05 -1.281e-04
   4.95 -2.372e-05 -7.985e-05
