-173.57  3.515e-04 -1.322e-05
-160.71  3.700e-04  1.586e-05
-147.86  3.938e-04  2.907e-05
-135.00  3.410e-04 -6.608e-05
-122.14  5.075e-04  2.643e-05
-109.29  5.445e-04 -3.700e-05
 -96.43  6.978e-04  2.643e-05
 -83.57  6.793e-04  1.850e-05
 -70.71  7.506e-04  1.004e-04
 -57.86  1.010e-03 -9.515e-05
 -45.00  1.364e-03 -2.643e-05
 -32.14  1.266e-03 -1.665e-04
 -19.29  1.467e-03  1.031e-04
  -6.43  1.343e-03 -7.401e-05
   6.43  1.221e-03 -1.110e-04
  19.29  1.477e-03 -8.722e-05
  32.14  1.229e-03 -1.507e-04
  45.00  1.189e-03  2.114e-05
  57.86  1.195e-03  4.758e-05
  70.71  9.515e-04  2.643e-05
  83.57  8.537e-04 -3.965e-05
  96.43  7.559e-04  1.057e-04
 109.29  5.868e-04 -1.216e-04
 122.14  4.758e-04 -2.643e-05
 135.00  3.806e-04 -1.057e-05
 147.86  4.150e-04  1.850e-05
 160.71  3.621e-04  2.379e-05
 173.57  3.621e-04  7.929e-06
