   0.05  3.033e-01 -9.890e-03
   0.15  2.739e-01  1.752e-02
   0.25  2.721e-01 -1.188e-02
   0.35  2.356e-01 -4.595e-02
   0.45  1.738e-01  2.335e-02
   0.55  1.429e-01  4.246e-02
   0.65  1.728e-01  6.643e-03
   0.75  1.237e-01 -3.169e-02
   0.85  1.517e-01  2.529e-02
   0.95  8.783e-02  2.948e-02
   1.05  9.834e-02  1.482e-02
   1.15  5.497e-02 -7.019e-03
   1.25  4.620e-02  3.124e-02
   1.35  6.160e-02 -8.159e-03
   1.45  4.763e-02 -2.185e-02
   1.55  4.044e-02  1.188e-02
   1.65  2.943e-02  2.492e-03
   1.75  2.763e-02 -2.170e-02
   1.85  1.516e-02  6.660e-03
   1.95  2.105e-02 -8.086e-03
   2.05  0.000e+00  0.000e+00
   2.15  0.000e+00  0.000e+00
   2.25  0.000e+00  0.000e+00
   2.35  0.000e+00  0.000e+00
   2.45  0.000e+00  0.000e+00
   2.55  0.000e+00  0.000e+00
   2.65  0.000e+00  0.000e+00
   2.75  0.000e+00  0.000e+00
   2.85  0.000e+00  0.000e+00
   2.95  0.000e+00  0.000e+00
   3.05  0.000e+00  0.000e+00
   3.15  0.000e+00  0.000e+00
   3.25  0.000e+00  0.000e+00
   3.35  0.000e+00  0.000e+00
   3.45  0.000e+00  0.000e+00
   3.55  0.000e+00  0.000e+00
   3.65  0.000e+00  0.000e+00
   3.75  0.000e+00  0.000e+00
   3.85  0.000e+00  0.000e+00
   3.95  0.000e+00  0.000e+00
   4.05  0.000e+00  0.000e+00
   4.15  0.000e+00  0.000e+00
   4.25  0.000e+00  0.000e+00
   4.35  0.000e+00  0.000e+00
   4.45  0.000e+00  0.000e+00
   4.55  0.000e+00  0.000e+00
   4.65  0.000e+00  0.000e+00
   4.75  0.000e+00  0.000e+00
   4.85  0.000e+00  0.000e+00
   4.95  0.000e+00  0.000e+00
