   0.05  6.861e-02 -2.801e-03
   0.15  6.063e-02  3.940e-03
   0.25  8.207e-02 -5.411e-03
   0.35  5.747e-02 -4.276e-03
   0.45  6.020e-02 -6.313e-03
   0.55  4.953e-02  5.019e-03
   0.65  4.289e-02 -1.538e-02
   0.75  6.587e-02 -8.450e-03
   0.85  5.942e-02  3.317e-03
   0.95  5.340e-02  1.701e-03
   1.05  7.033e-02 -7.793e-03
   1.15  5.801e-02 -1.989e-04
   1.25  7.335e-02  1.855e-02
   1.35  5.924e-02  5.385e-03
   1.45  5.203e-02 -1.261e-02
   1.55  4.905e-02 -1.342e-03
   1.65  4.817e-02 -9.285e-03
   1.75  4.554e-02 -3.401e-04
   1.85  5.038e-02  6.737e-03
   1.95  3.587e-02 -3.144e-03
   2.05  0.000e+00  0.000e+00
   2.15  0.000e+00  0.000e+00
   2.25  0.000e+00  0.000e+00
   2.35  0.000e+00  0.000e+00
   2.45  0.000e+00  0.000e+00
   2.55  0.000e+00  0.000e+00
   2.65  0.000e+00  0.000e+00
   2.75  0.000e+00  0.000e+00
   2.85  0.000e+00  0.000e+00
   2.95  0.000e+00  0.000e+00
   3.05  0.000e+00  0.000e+00
   3.15  0.000e+00  0.000e+00
   3.25  0.000e+00  0.000e+00
   3.35  0.000e+00  0.000e+00
   3.45  0.000e+00  0.000e+00
   3.55  0.000e+00  0.000e+00
   3.65  0.000e+00  0.000e+00
   3.75  0.000e+00  0.000e+00
   3.85  0.000e+00  0.000e+00
   3.95  0.000e+00  0.000e+00
   4.05  0.000e+00  0.000e+00
   4.15  0.000e+00  0.000e+00
   4.25  0.000e+00  0.000e+00
   4.35  0.000e+00  0.000e+00
   4.45  0.000e+00  0.000e+00
   4.55  0.000e+00  0.000e+00
   4.65  0.000e+00  0.000e+00
   4.75  0.000e+00  0.000e+00
   4.85  0.000e+00  0.000e+00
   4.95  0.000e+00  0.000e+00
