   0.05  5.543e-01  5.543e-01
   0.15  5.798e-01  5.798e-01
   0.25  5.123e-01  5.123e-01
   0.35  4.590e-01  4.590e-01
   0.45  3.666e-01  3.666e-01
   0.55  2.885e-01  2.885e-01
   0.65  2.638e-01  2.638e-01
   0.75  2.337e-01  2.337e-01
   0.85  1.841e-01  1.841e-01
   0.95  1.412e-01  1.412e-01
   1.05  1.275e-01  1.275e-01
   1.15  1.075e-01  1.075e-01
   1.25  1.213e-01  1.213e-01
   1.35  1.046e-01  1.046e-01
   1.45  7.270e-02  7.270e-02
   1.55  6.932e-02  6.932e-02
   1.65  5.089e-02  5.089e-02
   1.75  5.011e-02  5.011e-02
   1.85  3.297e-02  3.297e-02
   1.95  2.622e-02  2.622e-02
   2.05  1.402e-02  1.402e-02
   2.15  3.116e-03  3.116e-03
   2.25  7.789e-03  7.789e-03
   2.35 -2.596e-04 -2.596e-04
   2.45 -3.895e-03 -3.895e-03
   2.55  1.558e-03  1.558e-03
   2.65  0.000e+00  0.000e+00
   2.75  1.039e-03  1.039e-03
   2.85 -5.193e-04 -5.193e-04
   2.95  0.000e+00  0.000e+00
   3.05 -2.596e-04 -2.596e-04
   3.15  0.000e+00  0.000e+00
   3.25  0.000e+00  0.000e+00
   3.35  0.000e+00  0.000e+00
   3.45  0.000e+00  0.000e+00
   3.55  0.000e+00  0.000e+00
   3.65  0.000e+00  0.000e+00
   3.75  0.000e+00  0.000e+00
   3.85  0.000e+00  0.000e+00
   3.95  0.000e+00  0.000e+00
   4.05  0.000e+00  0.000e+00
   4.15  0.000e+00  0.000e+00
   4.25  0.000e+00  0.000e+00
   4.35  0.000e+00  0.000e+00
   4.45  0.000e+00  0.000e+00
   4.55  0.000e+00  0.000e+00
   4.65  0.000e+00  0.000e+00
   4.75  0.000e+00  0.000e+00
   4.85  0.000e+00  0.000e+00
   4.95  0.000e+00  0.000e+00
