   0.05  4.986e-01 -6.084e-02
   0.15  4.500e-01 -2.106e-02
   0.25  3.746e-01 -7.722e-02
   0.35  3.983e-01 -5.928e-02
   0.45  3.861e-01 -5.694e-02
   0.55  3.013e-01 -2.990e-02
   0.65  2.888e-01 -2.626e-02
   0.75  2.974e-01 -2.392e-02
   0.85  2.462e-01  3.380e-03
   0.95  1.947e-01 -2.262e-02
   1.05  1.614e-01 -3.094e-02
   1.15  1.529e-01 -6.760e-03
   1.25  1.482e-01 -2.340e-02
   1.35  1.024e-01 -2.600e-03
   1.45  1.069e-01 -1.586e-02
   1.55  9.177e-02 -1.170e-02
   1.65  8.423e-02 -8.319e-03
   1.75  7.436e-02 -5.200e-03
   1.85  5.538e-02 -1.430e-02
   1.95  5.538e-02  3.900e-03
   2.05  0.000e+00  0.000e+00
   2.15  0.000e+00  0.000e+00
   2.25  0.000e+00  0.000e+00
   2.35  0.000e+00  0.000e+00
   2.45  0.000e+00  0.000e+00
   2.55  0.000e+00  0.000e+00
   2.65  0.000e+00  0.000e+00
   2.75  0.000e+00  0.000e+00
   2.85  0.000e+00  0.000e+00
   2.95  0.000e+00  0.000e+00
   3.05  0.000e+00  0.000e+00
   3.15  0.000e+00  0.000e+00
   3.25  0.000e+00  0.000e+00
   3.35  0.000e+00  0.000e+00
   3.45  0.000e+00  0.000e+00
   3.55  0.000e+00  0.000e+00
   3.65  0.000e+00  0.000e+00
   3.75  0.000e+00  0.000e+00
   3.85  0.000e+00  0.000e+00
   3.95  0.000e+00  0.000e+00
   4.05  0.000e+00  0.000e+00
   4.15  0.000e+00  0.000e+00
   4.25  0.000e+00  0.000e+00
   4.35  0.000e+00  0.000e+00
   4.45  0.000e+00  0.000e+00
   4.55  0.000e+00  0.000e+00
   4.65  0.000e+00  0.000e+00
   4.75  0.000e+00  0.000e+00
   4.85  0.000e+00  0.000e+00
   4.95  0.000e+00  0.000e+00
