   0.05  4.035e-01 -8.543e-02
   0.15  3.635e-01  8.889e-03
   0.25  3.758e-01  1.235e-02
   0.35  3.254e-01  1.432e-02
   0.45  3.328e-01  3.259e-02
   0.55  3.077e-01  2.222e-02
   0.65  3.215e-01  5.383e-02
   0.75  2.040e-01 -2.420e-02
   0.85  2.410e-01 -1.383e-02
   0.95  2.163e-01 -9.877e-03
   1.05  1.788e-01 -2.469e-02
   1.15  1.763e-01  1.136e-02
   1.25  1.170e-01  1.333e-02
   1.35  1.407e-01  5.432e-03
   1.45  1.259e-01 -2.815e-02
   1.55  1.057e-01  2.963e-03
   1.65  1.057e-01  3.259e-02
   1.75  5.432e-02  1.975e-03
   1.85  8.988e-02 -2.370e-02
   1.95  5.037e-02  1.679e-02
   2.05  6.222e-02  4.938e-03
   2.15  3.012e-02 -4.445e-03
   2.25  1.482e-02 -9.877e-04
   2.35  1.679e-02 -1.975e-03
   2.45  1.975e-03  6.914e-03
   2.55  5.926e-03 -2.963e-03
   2.65  7.901e-03 -4.938e-03
   2.75  9.383e-03  4.445e-03
   2.85  6.914e-03  2.963e-03
   2.95  8.889e-03  4.938e-03
   3.05  3.951e-03  5.926e-03
   3.15 -2.469e-03 -3.457e-03
   3.25  4.938e-04  4.938e-04
   3.35  2.469e-03  4.938e-04
   3.45  1.482e-03  4.938e-04
   3.55  4.938e-03  0.000e+00
   3.65  0.000e+00  1.975e-03
   3.75 -9.877e-04  9.877e-04
   3.85  0.000e+00  0.000e+00
   3.95 -4.938e-04  1.482e-03
   4.05  4.938e-04  1.482e-03
   4.15 -4.938e-04 -4.938e-04
   4.25 -4.938e-04 -4.938e-04
   4.35  0.000e+00  0.000e+00
   4.45 -4.938e-04 -4.938e-04
   4.55  9.877e-04  0.000e+00
   4.65  9.877e-04  0.000e+00
   4.75  4.938e-04  4.938e-04
   4.85  4.938e-04  4.938e-04
   4.95  0.000e+00  0.000e+00
