   0.05  2.184e-01 -2.814e-02
   0.15  2.447e-01  3.041e-03
   0.25  2.065e-01 -3.849e-02
   0.35  1.944e-01 -3.555e-03
   0.45  1.636e-01 -9.512e-03
   0.55  1.490e-01  3.254e-03
   0.65  1.332e-01  2.187e-02
   0.75  1.343e-01 -2.611e-03
   0.85  1.204e-01 -2.230e-03
   0.95  8.273e-02  6.281e-04
   1.05  1.033e-01 -1.737e-02
   1.15  4.399e-02  6.800e-03
   1.25  7.376e-02  5.075e-03
   1.35  1.172e-02  4.865e-03
   1.45  4.502e-02 -2.403e-03
   1.55  2.954e-02 -7.808e-03
   1.65  3.747e-02  1.724e-02
   1.75  3.130e-02  2.323e-03
   1.85  3.252e-02 -1.031e-02
   1.95  1.757e-02 -1.386e-02
   2.05  8.991e-03  1.258e-02
   2.15  6.799e-03  1.950e-03
   2.25 -3.207e-04 -4.088e-04
   2.35  1.409e-02  8.252e-04
   2.45 -2.910e-03  1.514e-04
   2.55 -3.034e-03 -7.080e-03
   2.65  3.921e-03  4.833e-03
   2.75 -1.842e-03 -5.590e-03
   2.85 -3.516e-05 -2.202e-03
   2.95 -1.189e-03  4.525e-04
   3.05 -7.564e-04 -5.681e-03
   3.15  3.033e-03  2.693e-03
   3.25  2.290e-03 -1.249e-03
   3.35 -9.174e-04 -2.957e-05
   3.45  1.559e-03  1.976e-03
   3.55 -1.626e-04  1.207e-03
   3.65 -1.630e-04 -1.612e-04
   3.75 -1.232e-03 -1.526e-04
   3.85  1.328e-03 -3.218e-04
   3.95  7.060e-04  5.403e-04
   4.05  4.204e-04  1.032e-03
   4.15  1.213e-03 -4.730e-04
   4.25  4.537e-05  2.527e-04
   4.35  1.416e-04 -1.416e-04
   4.45  3.116e-04 -3.116e-04
   4.55  4.580e-04 -4.580e-04
   4.65 -3.839e-04 -3.227e-04
   4.75  1.895e-04 -1.895e-04
   4.85 -4.976e-04 -4.976e-04
   4.95  0.000e+00  0.000e+00
