   0.05  1.529e-02 -3.674e-03
   0.15  1.531e-02 -2.504e-04
   0.25  1.266e-02 -3.600e-03
   0.35  1.219e-02 -2.577e-03
   0.45  1.300e-02  9.913e-04
   0.55  1.008e-02 -2.267e-03
   0.65  9.963e-03 -4.408e-03
   0.75  7.907e-03 -1.772e-04
   0.85  9.230e-03  1.263e-04
   0.95  9.010e-03 -1.715e-03
   1.05  2.812e-03 -9.690e-04
   1.15  7.853e-03  4.852e-04
   1.25  1.002e-02 -1.728e-03
   1.35  9.588e-03  1.859e-04
   1.45  5.504e-03 -4.852e-04
   1.55  6.903e-04 -3.815e-04
   1.65  3.444e-03  2.320e-04
   1.75  2.467e-03 -1.256e-03
   1.85  1.706e-03  1.605e-03
   1.95  1.932e-03  1.105e-03
   2.05  1.665e-03 -2.297e-04
   2.15  7.078e-04 -5.657e-04
   2.25  8.253e-04 -4.121e-04
   2.35  1.099e-03 -1.709e-04
   2.45  7.297e-04  7.584e-05
   2.55  8.470e-04 -1.071e-04
   2.65  1.740e-05 -3.216e-04
   2.75 -3.088e-04 -1.635e-05
   2.85  1.429e-04  1.256e-04
   2.95 -1.179e-04 -9.508e-05
   3.05  1.656e-04 -2.970e-04
   3.15 -8.300e-05 -6.996e-05
   3.25 -3.195e-05 -1.227e-04
   3.35 -3.569e-05 -1.445e-04
   3.45  7.130e-05 -4.937e-05
   3.55 -4.551e-05  1.844e-04
   3.65 -9.365e-05 -4.747e-05
   3.75  4.370e-06 -1.956e-04
   3.85  1.928e-05  5.335e-05
   3.95 -2.333e-04  5.108e-05
   4.05 -4.340e-06  6.996e-05
   4.15  2.744e-05  3.395e-05
   4.25 -1.924e-05 -4.164e-05
   4.35  5.739e-05  3.118e-05
   4.45 -1.215e-04 -3.753e-05
   4.55  5.070e-05 -7.283e-07
   4.65 -1.386e-05  6.327e-05
   4.75 -9.550e-06  3.652e-05
   4.85 -4.895e-05  4.895e-05
   4.95 -1.204e-05  1.204e-05
