   0.05  2.372e-01  2.222e-02
   0.15  2.595e-01  1.011e-02
   0.25  2.354e-01 -3.542e-03
   0.35  2.354e-01 -1.614e-04
   0.45  1.614e-01 -2.444e-02
   0.55  1.757e-01 -1.387e-02
   0.65  1.426e-01 -5.927e-03
   0.75  1.219e-01 -4.434e-02
   0.85  9.606e-02 -3.403e-03
   0.95  9.856e-02 -1.739e-02
   1.05  7.551e-02 -1.695e-02
   1.15  7.351e-02 -1.751e-03
   1.25  4.660e-02  8.052e-03
   1.35  4.077e-02  1.332e-02
   1.45  4.650e-02 -7.132e-03
   1.55  2.928e-02  3.649e-03
   1.65  2.976e-02  1.990e-02
   1.75  1.507e-02  7.400e-03
   1.85  1.796e-02  3.472e-03
   1.95  1.681e-02 -1.891e-02
   2.05  0.000e+00  0.000e+00
   2.15  0.000e+00  0.000e+00
   2.25  0.000e+00  0.000e+00
   2.35  0.000e+00  0.000e+00
   2.45  0.000e+00  0.000e+00
   2.55  0.000e+00  0.000e+00
   2.65  0.000e+00  0.000e+00
   2.75  0.000e+00  0.000e+00
   2.85  0.000e+00  0.000e+00
   2.95  0.000e+00  0.000e+00
   3.05  0.000e+00  0.000e+00
   3.15  0.000e+00  0.000e+00
   3.25  0.000e+00  0.000e+00
   3.35  0.000e+00  0.000e+00
   3.45  0.000e+00  0.000e+00
   3.55  0.000e+00  0.000e+00
   3.65  0.000e+00  0.000e+00
   3.75  0.000e+00  0.000e+00
   3.85  0.000e+00  0.000e+00
   3.95  0.000e+00  0.000e+00
   4.05  0.000e+00  0.000e+00
   4.15  0.000e+00  0.000e+00
   4.25  0.000e+00  0.000e+00
   4.35  0.000e+00  0.000e+00
   4.45  0.000e+00  0.000e+00
   4.55  0.000e+00  0.000e+00
   4.65  0.000e+00  0.000e+00
   4.75  0.000e+00  0.000e+00
   4.85  0.000e+00  0.000e+00
   4.95  0.000e+00  0.000e+00
