-173.57  5.400e-04 -3.885e-06
-160.71  4.274e-04  6.993e-05
-147.86  5.167e-04  1.943e-05
-135.00  3.691e-04 -6.605e-05
-122.14  3.769e-04  3.497e-05
-109.29  6.255e-04 -1.282e-04
 -96.43  7.887e-04  1.166e-05
 -83.57  9.208e-04 -8.159e-05
 -70.71  1.146e-03 -1.943e-05
 -57.86  1.154e-03  8.936e-05
 -45.00  1.585e-03 -7.926e-04
 -32.14  2.452e-03 -4.623e-04
 -19.29  2.685e-03 -4.856e-04
  -6.43  3.605e-03 -2.642e-04
   6.43  3.388e-03 -6.216e-05
  19.29  2.929e-03  4.662e-05
  32.14  2.016e-03 -8.042e-04
  45.00  2.230e-03  2.253e-04
  57.86  1.422e-03  6.216e-05
  70.71  8.431e-04 -2.448e-04
  83.57  1.045e-03 -4.274e-05
  96.43  6.799e-04  9.713e-05
 109.29  6.488e-04 -5.828e-05
 122.14  4.895e-04  7.770e-05
 135.00  3.846e-04 -1.981e-04
 147.86  4.856e-04 -1.360e-04
 160.71  2.953e-04  1.709e-04
 173.57  4.973e-04  4.662e-05
