   0.05  4.485e-01  4.485e-01
   0.15  4.279e-01  4.279e-01
   0.25  4.183e-01  4.183e-01
   0.35  3.739e-01  3.739e-01
   0.45  3.226e-01  3.226e-01
   0.55  2.655e-01  2.655e-01
   0.65  2.461e-01  2.461e-01
   0.75  1.887e-01  1.887e-01
   0.85  1.628e-01  1.628e-01
   0.95  1.406e-01  1.406e-01
   1.05  1.138e-01  1.138e-01
   1.15  1.046e-01  1.046e-01
   1.25  9.130e-02  9.130e-02
   1.35  7.306e-02  7.306e-02
   1.45  6.741e-02  6.741e-02
   1.55  4.180e-02  4.180e-02
   1.65  4.702e-02  4.702e-02
   1.75  3.449e-02  3.449e-02
   1.85  2.098e-02  2.098e-02
   1.95  1.754e-02  1.754e-02
   2.05  1.264e-02  1.264e-02
   2.15  4.950e-03  4.950e-03
   2.25  5.918e-04  5.918e-04
   2.35  1.560e-03  1.560e-03
   2.45  1.291e-03  1.291e-03
   2.55  1.076e-04  1.076e-04
   2.65  6.456e-04  6.456e-04
   2.75 -2.152e-04 -2.152e-04
   2.85  4.842e-04  4.842e-04
   2.95  1.076e-04  1.076e-04
   3.05  1.076e-04  1.076e-04
   3.15  1.076e-04  1.076e-04
   3.25  0.000e+00  0.000e+00
   3.35  0.000e+00  0.000e+00
   3.45  0.000e+00  0.000e+00
   3.55  0.000e+00  0.000e+00
   3.65  0.000e+00  0.000e+00
   3.75  0.000e+00  0.000e+00
   3.85  0.000e+00  0.000e+00
   3.95  0.000e+00  0.000e+00
   4.05  0.000e+00  0.000e+00
   4.15  0.000e+00  0.000e+00
   4.25  0.000e+00  0.000e+00
   4.35  0.000e+00  0.000e+00
   4.45  0.000e+00  0.000e+00
   4.55  0.000e+00  0.000e+00
   4.65  0.000e+00  0.000e+00
   4.75  0.000e+00  0.000e+00
   4.85  0.000e+00  0.000e+00
   4.95  0.000e+00  0.000e+00
